date,open,high,low,close,volume,oi
2024-10-14 09:15:00+05:30,60.05,69,53,59.75,367920,2722365
2024-10-14 09:16:00+05:30,59.75,67.25,59.75,67.15,276270,2722365
2024-10-14 09:17:00+05:30,66.9,66.9,62,62.1,201480,2722365
2024-10-14 09:18:00+05:30,62.1,63.65,60.5,61,150540,2837430
2024-10-14 09:19:00+05:30,60.75,64.5,59.8,63.7,194430,2837430
2024-10-14 09:20:00+05:30,63.7,64.35,58.85,63.65,228330,2837430
2024-10-14 09:21:00+05:30,63.5,63.7,57.85,59.9,170550,2885460
2024-10-14 09:22:00+05:30,59.8,62.8,59.8,62.2,92220,2885460
2024-10-14 09:23:00+05:30,62.05,63.95,60.8,63.75,113625,2885460
2024-10-14 09:24:00+05:30,63.35,66.05,62.75,64.65,223245,2889735
2024-10-14 09:25:00+05:30,64.65,65.95,63.3,63.3,146685,2889735
2024-10-14 09:26:00+05:30,62.8,63.45,59.5,62.85,165255,2889735
2024-10-14 09:27:00+05:30,62.3,62.4,59.85,61.15,84630,2956185
2024-10-14 09:28:00+05:30,61.15,62.9,60.55,61.7,70260,2956185
2024-10-14 09:29:00+05:30,61.7,66.6,60.65,65.4,165330,2956185
2024-10-14 09:30:00+05:30,65.3,70,65.05,67.9,229530,2960550
2024-10-14 09:31:00+05:30,68.6,73.25,67.7,71.05,254985,2960550
2024-10-14 09:32:00+05:30,71.05,71.4,65.65,66.1,179025,2960550
2024-10-14 09:33:00+05:30,65.55,71.75,64.45,70.2,180735,3001470
2024-10-14 09:34:00+05:30,70.2,72.5,69.5,69.85,148740,3001470
2024-10-14 09:35:00+05:30,70.25,72,66.95,71.65,132750,3001470
2024-10-14 09:36:00+05:30,70.95,72.1,67.7,69,136080,3022005
2024-10-14 09:37:00+05:30,69,73.35,67.9,72.3,129930,3022005
2024-10-14 09:38:00+05:30,72.3,80,70.25,70.25,304770,3022005
2024-10-14 09:39:00+05:30,70.25,72.65,70,70.75,116250,3036240
2024-10-14 09:40:00+05:30,70.75,73.75,70,71.35,103245,3036240
2024-10-14 09:41:00+05:30,71.35,73,68.6,72.5,77715,3036240
2024-10-14 09:42:00+05:30,72.5,73.2,71.35,72.85,105630,3048810
2024-10-14 09:43:00+05:30,72.85,104,72.05,104,582345,3048810
2024-10-14 09:44:00+05:30,101.6,106.6,91.45,106.6,762810,3048810
2024-10-14 09:45:00+05:30,105.9,130,104.9,119.95,703830,2899890
2024-10-14 09:46:00+05:30,120.75,129.15,120,124.55,389370,2899890
2024-10-14 09:47:00+05:30,124.55,128,120.35,124.6,384450,2899890
2024-10-14 09:48:00+05:30,124.6,125.7,110.75,111.5,461580,2940120
2024-10-14 09:49:00+05:30,111.75,143,111.45,138.2,603930,2940120
2024-10-14 09:50:00+05:30,138.9,142.3,129.85,134.75,517695,2940120
2024-10-14 09:51:00+05:30,132.55,136,127.05,129,284940,2994795
2024-10-14 09:52:00+05:30,129.35,152.9,127.55,144.7,486540,2994795
2024-10-14 09:53:00+05:30,146.7,155.55,140.15,150.2,352560,2994795
2024-10-14 09:54:00+05:30,150.3,156.15,141.2,153.6,259665,2882955
2024-10-14 09:55:00+05:30,153.55,161.2,141.65,144.15,227625,2882955
2024-10-14 09:56:00+05:30,145.05,146.9,129.05,136.7,290910,2882955
2024-10-14 09:57:00+05:30,136.7,144.6,133.25,137.95,165195,2928330
2024-10-14 09:58:00+05:30,137.95,143.95,135.4,141.95,155670,2928330
2024-10-14 09:59:00+05:30,141.95,145.45,135.8,145.15,119055,2928330
2024-10-14 10:00:00+05:30,145.25,166,143.8,162.55,453990,2947035
2024-10-14 10:01:00+05:30,162.55,163.75,148.65,150.45,453765,2947035
2024-10-14 10:02:00+05:30,150.45,154.95,141.8,147.15,204600,2947035
2024-10-14 10:03:00+05:30,147.15,156.9,145.95,153.4,195870,2795775
2024-10-14 10:04:00+05:30,153.4,158.7,149.55,156.85,166950,2795775
2024-10-14 10:05:00+05:30,156.85,158.45,150.5,155.95,244305,2795775
2024-10-14 10:06:00+05:30,155.95,157.4,141.35,142.85,219300,2704710
2024-10-14 10:07:00+05:30,142.85,147.55,134.15,140.75,284400,2704710
2024-10-14 10:08:00+05:30,140.75,143,134.4,135.05,118830,2704710
2024-10-14 10:09:00+05:30,136.4,137.5,127,130.3,232155,2744865
2024-10-14 10:10:00+05:30,130.3,138.45,127.8,132.5,124500,2744865
2024-10-14 10:11:00+05:30,132.5,132.85,117.15,121.5,229890,2744865
2024-10-14 10:12:00+05:30,121.5,128.4,118.4,119.45,146460,2785185
2024-10-14 10:13:00+05:30,119.45,120,108.05,109.5,256290,2785185
2024-10-14 10:14:00+05:30,109.5,117.9,109.35,115.95,147930,2785185
2024-10-14 10:15:00+05:30,116.7,129.75,115.5,126.15,168105,2849610
2024-10-14 10:16:00+05:30,126.15,129,116.75,118.85,135945,2849610
2024-10-14 10:17:00+05:30,118.85,126.8,118.55,126.25,70410,2849610
2024-10-14 10:18:00+05:30,126.25,127.25,120.65,121.5,56610,2877450
2024-10-14 10:19:00+05:30,121,125.05,119.7,119.7,62505,2877450
2024-10-14 10:20:00+05:30,119.95,133.8,119.95,133.1,98280,2877450
2024-10-14 10:21:00+05:30,131.8,137.05,131,134.2,170505,2871570
2024-10-14 10:22:00+05:30,135.2,137.15,132,135.15,105870,2871570
2024-10-14 10:23:00+05:30,134.8,138.05,132.45,137.2,75750,2871570
2024-10-14 10:24:00+05:30,137.2,153.05,135.8,145.2,372765,2842140
2024-10-14 10:25:00+05:30,145.7,156.95,143.55,155.5,250230,2842140
2024-10-14 10:26:00+05:30,155.5,170.5,155.5,162,432360,2842140
2024-10-14 10:27:00+05:30,162,165.4,159.15,161.7,259935,2848380
2024-10-14 10:28:00+05:30,161.7,164.2,157.35,157.9,164505,2848380
2024-10-14 10:29:00+05:30,157.9,157.9,147.9,150.7,188295,2848380
2024-10-14 10:30:00+05:30,150.7,154.65,142.35,143.3,164055,2848560
2024-10-14 10:31:00+05:30,143.3,152.3,140.6,152.05,103980,2848560
2024-10-14 10:32:00+05:30,152.05,153.25,146.65,151.15,152775,2848560
2024-10-14 10:33:00+05:30,151.15,157.25,148.4,150.75,118920,2869920
2024-10-14 10:34:00+05:30,150.75,153.2,138.85,139.9,130920,2869920
2024-10-14 10:35:00+05:30,139.9,140.85,130.6,133.55,251340,2869920
2024-10-14 10:36:00+05:30,135.15,139.9,134,136.45,97740,2863800
2024-10-14 10:37:00+05:30,136.45,136.85,124.55,128.35,150990,2863800
2024-10-14 10:38:00+05:30,128.35,135.05,128.35,133.5,82650,2863800
2024-10-14 10:39:00+05:30,133.5,136,128.95,129.9,61875,2874900
2024-10-14 10:40:00+05:30,129.9,137.45,129.9,137.1,58155,2874900
2024-10-14 10:41:00+05:30,137.1,146.75,137.1,146.15,134700,2874900
2024-10-14 10:42:00+05:30,146.15,148.75,140.2,143.1,137175,2884125
2024-10-14 10:43:00+05:30,143.1,143.1,128,130,103485,2884125
2024-10-14 10:44:00+05:30,130,136.15,124.15,134.15,104760,2884125
2024-10-14 10:45:00+05:30,134.15,144,134.15,143,101310,2889615
2024-10-14 10:46:00+05:30,143,149,142.6,146.35,109890,2889615
2024-10-14 10:47:00+05:30,145.25,149.2,142.95,146.15,83820,2889615
2024-10-14 10:48:00+05:30,145.55,146.4,140.15,140.45,63600,2895540
2024-10-14 10:49:00+05:30,142,148.7,140.7,141.95,72300,2895540
2024-10-14 10:50:00+05:30,141.95,146.35,141.05,146,50730,2895540
2024-10-14 10:51:00+05:30,145.2,153.85,144.25,153.55,117150,2888115
2024-10-14 10:52:00+05:30,152.95,154.15,147.65,148.4,87915,2888115
2024-10-14 10:53:00+05:30,148.05,152.9,142.45,142.9,127695,2888115
2024-10-14 10:54:00+05:30,142.9,145.4,140.15,144,94785,2912505
2024-10-14 10:55:00+05:30,144,146.95,136.25,136.45,83760,2912505
2024-10-14 10:56:00+05:30,136.75,145.65,135.1,144.5,61560,2912505
2024-10-14 10:57:00+05:30,144.95,147.5,139.45,140.85,88830,2925825
2024-10-14 10:58:00+05:30,141.4,141.9,135.75,137.1,63915,2925825
2024-10-14 10:59:00+05:30,137.1,140.3,136.45,139.15,47190,2925825
2024-10-14 11:00:00+05:30,138.85,145.8,137.2,144.6,83055,2949840
2024-10-14 11:01:00+05:30,144.6,147.25,142.65,142.65,75720,2949840
2024-10-14 11:02:00+05:30,142.65,144.75,136.6,137.8,63795,2949840
2024-10-14 11:03:00+05:30,137.8,138.4,134.5,135.45,55365,2956035
2024-10-14 11:04:00+05:30,135.45,137.8,129.45,131.95,83700,2956035
2024-10-14 11:05:00+05:30,131.95,142,131.95,139.75,66930,2956035
2024-10-14 11:06:00+05:30,140.65,141.4,136.85,138.45,54090,2978085
2024-10-14 11:07:00+05:30,138.45,146.75,136.9,145.55,107850,2978085
2024-10-14 11:08:00+05:30,145.9,150.2,145.05,146.25,147915,2978085
2024-10-14 11:09:00+05:30,146.15,148.85,143.7,147.55,73740,2978085
2024-10-14 11:10:00+05:30,147.55,150.55,144.9,146.05,92145,2981595
2024-10-14 11:11:00+05:30,147,151,143.4,149.95,67380,2981595
2024-10-14 11:12:00+05:30,149.95,154.35,148.65,152.45,113385,2981595
2024-10-14 11:13:00+05:30,152.45,152.55,145.05,147.65,95820,2987535
2024-10-14 11:14:00+05:30,147.65,160.1,147.6,152.6,255255,2987535
2024-10-14 11:15:00+05:30,152.4,185,151.65,169.05,603300,2987535
2024-10-14 11:16:00+05:30,169.05,171.55,164,165.5,225810,2935755
2024-10-14 11:17:00+05:30,165.5,168.35,158.05,163.2,193140,2935755
2024-10-14 11:18:00+05:30,162.35,166.1,157.15,164.6,113220,2935755
2024-10-14 11:19:00+05:30,165,168.45,159.2,160.8,134085,2950605
2024-10-14 11:20:00+05:30,160.35,164.2,155.95,156.55,87375,2950605
2024-10-14 11:21:00+05:30,156.8,158,153.9,156,90300,2950605
2024-10-14 11:22:00+05:30,156,165.4,154.95,165.35,102750,2935965
2024-10-14 11:23:00+05:30,165.7,168.55,159.5,160.95,162315,2935965
2024-10-14 11:24:00+05:30,160.95,163.75,158,161.85,65130,2935965
2024-10-14 11:25:00+05:30,161.6,164.25,159.15,162.95,51510,2958405
2024-10-14 11:26:00+05:30,162.95,163.65,156.4,157.55,86100,2958405
2024-10-14 11:27:00+05:30,157.45,159.25,130.95,131.8,294315,2958405
2024-10-14 11:28:00+05:30,131.8,144.15,131.25,143.15,150645,2969940
2024-10-14 11:29:00+05:30,143.15,154.35,143.15,147.55,131400,2969940
2024-10-14 11:30:00+05:30,147.55,151,146.1,147.35,85620,2969940
2024-10-14 11:31:00+05:30,147.35,152.65,145.45,145.45,65610,3000165
2024-10-14 11:32:00+05:30,145.45,148.2,142.35,147.3,70665,3000165
2024-10-14 11:33:00+05:30,147.3,149.35,141.05,142.2,56190,3000165
2024-10-14 11:34:00+05:30,142.2,144.35,138.45,143.05,67320,3011775
2024-10-14 11:35:00+05:30,143.05,144.3,140,144,45810,3011775
2024-10-14 11:36:00+05:30,144,151.2,144,149.35,72105,3011775
2024-10-14 11:37:00+05:30,149.35,153.2,149.35,151.9,77970,3012930
2024-10-14 11:38:00+05:30,151.9,155.1,149.35,153.7,98940,3012930
2024-10-14 11:39:00+05:30,153.7,157.15,153,153.6,106815,3012930
2024-10-14 11:40:00+05:30,153.6,161.95,151.6,161.1,121845,3002595
2024-10-14 11:41:00+05:30,161.1,161.7,153.25,155.85,97980,3002595
2024-10-14 11:42:00+05:30,155.85,158.1,146.75,147.45,103650,3002595
2024-10-14 11:43:00+05:30,146.95,150.7,146.55,147.7,81435,2982915
2024-10-14 11:44:00+05:30,147.35,148.85,145.3,147.7,50670,2982915
2024-10-14 11:45:00+05:30,147.8,153.45,147.6,151.15,51990,2982915
2024-10-14 11:46:00+05:30,151.05,152.75,148.4,152,56550,2978505
2024-10-14 11:47:00+05:30,152.85,158.6,150.6,152.5,102330,2978505
2024-10-14 11:48:00+05:30,152.45,154.65,144,146.75,96825,2978505
2024-10-14 11:49:00+05:30,146.5,147.95,141.2,143.65,74415,2987655
2024-10-14 11:50:00+05:30,143.4,144.6,136.8,139.75,112095,2987655
2024-10-14 11:51:00+05:30,140.45,143.85,137.75,140.85,81675,2987655
2024-10-14 11:52:00+05:30,141,144.15,138.55,140.05,70140,3000450
2024-10-14 11:53:00+05:30,140.2,144,139.5,143.4,41745,3000450
2024-10-14 11:54:00+05:30,143.1,148.15,142.9,146.3,75270,3000450
2024-10-14 11:55:00+05:30,146.3,150.45,146.3,147.65,67920,3007350
2024-10-14 11:56:00+05:30,147.65,148.95,138.65,140.1,92550,3007350
2024-10-14 11:57:00+05:30,140.1,144.55,137.45,142.3,60540,3007350
2024-10-14 11:58:00+05:30,142.3,144.95,139.5,139.8,43305,3026970
2024-10-14 11:59:00+05:30,139.8,144.95,138.5,144.6,47295,3026970
2024-10-14 12:00:00+05:30,144.6,144.75,139.05,140.9,80445,3026970
2024-10-14 12:01:00+05:30,140.9,141.45,128,130.5,181125,3051735
2024-10-14 12:02:00+05:30,130.5,135.9,130.5,131.75,89730,3051735
2024-10-14 12:03:00+05:30,131.2,139.35,131.2,139.3,133335,3051735
2024-10-14 12:04:00+05:30,139.3,141.8,137.45,137.45,60720,3061095
2024-10-14 12:05:00+05:30,138.4,138.45,134.55,135.65,46140,3061095
2024-10-14 12:06:00+05:30,135.65,139.3,135.2,137.7,43815,3061095
2024-10-14 12:07:00+05:30,137.7,143.75,137.7,140.9,75720,3077970
2024-10-14 12:08:00+05:30,140.9,144.9,140.15,144.35,59640,3077970
2024-10-14 12:09:00+05:30,144.35,146.5,141.95,145.8,74445,3077970
2024-10-14 12:10:00+05:30,147.65,149.6,145.45,148.5,102240,3070665
2024-10-14 12:11:00+05:30,148.2,153,147.5,150.4,117525,3070665
2024-10-14 12:12:00+05:30,150.7,153.3,146.25,146.25,95085,3070665
2024-10-14 12:13:00+05:30,146.3,148.55,143.55,146.7,105840,3085050
2024-10-14 12:14:00+05:30,146.2,149.45,145,148.65,55770,3085050
2024-10-14 12:15:00+05:30,148.5,156.95,148.05,155.95,137160,3085050
2024-10-14 12:16:00+05:30,155.95,155.95,148.25,148.8,138915,3108300
2024-10-14 12:17:00+05:30,148.55,148.55,142.55,144.6,91695,3108300
2024-10-14 12:18:00+05:30,145.15,146.15,139.8,141.5,92145,3108300
2024-10-14 12:19:00+05:30,140.7,146.05,140.1,142.45,84570,3143685
2024-10-14 12:20:00+05:30,141.65,145.2,140.85,141.85,55905,3143685
2024-10-14 12:21:00+05:30,142.1,143.65,135.45,135.9,112740,3143685
2024-10-14 12:22:00+05:30,135.45,142.7,135.45,142.55,104835,3131595
2024-10-14 12:23:00+05:30,141.55,147,141.5,145.3,74970,3131595
2024-10-14 12:24:00+05:30,144.9,147.6,141.7,142.35,65310,3131595
2024-10-14 12:25:00+05:30,142.35,146.9,142.35,146.8,57855,3127815
2024-10-14 12:26:00+05:30,146.8,151.3,146.3,150.45,79995,3127815
2024-10-14 12:27:00+05:30,150,150.25,141.4,143.45,54825,3127815
2024-10-14 12:28:00+05:30,143.1,144.3,140.3,142.05,51150,3126030
2024-10-14 12:29:00+05:30,142.05,142.05,137.1,137.55,80325,3126030
2024-10-14 12:30:00+05:30,137.55,139.55,134.9,139.55,108510,3126030
2024-10-14 12:31:00+05:30,139.55,142.55,138.15,138.95,68325,3143910
2024-10-14 12:32:00+05:30,138.95,140.3,135.8,137.6,49440,3143910
2024-10-14 12:33:00+05:30,137.6,137.6,130.9,133.75,111180,3143910
2024-10-14 12:34:00+05:30,133.75,138,133.2,137.55,80325,3149775
2024-10-14 12:35:00+05:30,137.55,137.55,130.65,130.9,74940,3149775
2024-10-14 12:36:00+05:30,130.9,133,128,130.6,92910,3149775
2024-10-14 12:37:00+05:30,130.6,136,129.8,133.4,59640,3134070
2024-10-14 12:38:00+05:30,133.1,138.95,133.1,137.6,72150,3134070
2024-10-14 12:39:00+05:30,137.35,141,137.35,139.35,71055,3134070
2024-10-14 12:40:00+05:30,139.35,140,135.15,135.3,44655,3143850
2024-10-14 12:41:00+05:30,135.3,136.85,132.15,133.55,51960,3143850
2024-10-14 12:42:00+05:30,133.6,138.3,132.8,137.2,60060,3143850
2024-10-14 12:43:00+05:30,137.35,139.6,137.1,138.3,66840,3163020
2024-10-14 12:44:00+05:30,138.6,138.6,132.45,136.55,57465,3163020
2024-10-14 12:45:00+05:30,136.55,140,135.75,138.4,50790,3163020
2024-10-14 12:46:00+05:30,138.4,138.95,133.85,135.3,31110,3163095
2024-10-14 12:47:00+05:30,135.3,135.7,132.25,133.9,36450,3163095
2024-10-14 12:48:00+05:30,133.9,133.9,130.5,132.85,59100,3163095
2024-10-14 12:49:00+05:30,132.8,134.55,131,132.45,32580,3167625
2024-10-14 12:50:00+05:30,132.5,134.5,129.05,130.55,68070,3167625
2024-10-14 12:51:00+05:30,130.7,134.05,130.05,131.55,44865,3167625
2024-10-14 12:52:00+05:30,131.55,133.5,129.65,130.55,50355,3179895
2024-10-14 12:53:00+05:30,130.25,131.25,117.05,123.05,275745,3179895
2024-10-14 12:54:00+05:30,122.85,123.1,115.05,121.7,165960,3179895
2024-10-14 12:55:00+05:30,121.7,123.75,118.65,121.3,81360,3161160
2024-10-14 12:56:00+05:30,121.3,123.55,119.6,122.15,51285,3161160
2024-10-14 12:57:00+05:30,122.15,122.25,118.05,118.35,52815,3161160
2024-10-14 12:58:00+05:30,118.55,119.9,113.7,117.95,127845,3168615
2024-10-14 12:59:00+05:30,118.1,121,117.05,120.4,85725,3168615
2024-10-14 13:00:00+05:30,120.65,123.6,117.6,117.9,70905,3168615
2024-10-14 13:01:00+05:30,117.9,122.35,116.65,122.35,66180,3145305
2024-10-14 13:02:00+05:30,122.35,125.7,121.6,124.55,85890,3145305
2024-10-14 13:03:00+05:30,124.55,125.05,119.9,122.3,64770,3145305
2024-10-14 13:04:00+05:30,122.3,126,122,126,51390,3153855
2024-10-14 13:05:00+05:30,125.75,132.3,124.55,131.55,133245,3153855
2024-10-14 13:06:00+05:30,131.55,132,124.4,124.5,94695,3153855
2024-10-14 13:07:00+05:30,125.1,128.15,122,127.5,71115,3163605
2024-10-14 13:08:00+05:30,127.5,128.8,123.55,128.1,47505,3163605
2024-10-14 13:09:00+05:30,127.6,130.6,125.6,129.55,42435,3163605
2024-10-14 13:10:00+05:30,129.6,130.9,127.2,129.05,57930,3159780
2024-10-14 13:11:00+05:30,128.9,128.95,125.65,128.45,34830,3159780
2024-10-14 13:12:00+05:30,128.4,131.45,127.6,129.3,63525,3159780
2024-10-14 13:13:00+05:30,129.3,129.6,126,127.6,37140,3150615
2024-10-14 13:14:00+05:30,127.6,128.7,120.5,121.2,62700,3150615
2024-10-14 13:15:00+05:30,121.2,124.35,119.35,121.4,88980,3150615
2024-10-14 13:16:00+05:30,121.4,123.6,119.75,123.5,44205,3146745
2024-10-14 13:17:00+05:30,123.1,126.6,122.95,126.5,41385,3146745
2024-10-14 13:18:00+05:30,126.5,127.85,125.6,126.35,44385,3146745
2024-10-14 13:19:00+05:30,126.75,128.9,123.5,123.5,66870,3148875
2024-10-14 13:20:00+05:30,123.65,124.1,121.3,123.4,38895,3148875
2024-10-14 13:21:00+05:30,123.4,125.35,121.35,122.65,30945,3148875
2024-10-14 13:22:00+05:30,122,125.15,121.65,124.2,28020,3157575
2024-10-14 13:23:00+05:30,124.2,124.4,122.2,123.65,14175,3157575
2024-10-14 13:24:00+05:30,123.6,124.1,121.6,122.25,47895,3157575
2024-10-14 13:25:00+05:30,121.7,122.25,116,119.2,131160,3158775
2024-10-14 13:26:00+05:30,119.2,120.65,114.75,118.85,65880,3158775
2024-10-14 13:27:00+05:30,118.55,123,118.15,123,76125,3158775
2024-10-14 13:28:00+05:30,123,123.05,120.55,121.4,78630,3162930
2024-10-14 13:29:00+05:30,121.4,125.65,121.2,124.9,67200,3162930
2024-10-14 13:30:00+05:30,124.9,131.8,124.45,130.95,110760,3162930
2024-10-14 13:31:00+05:30,130.95,134.25,130.05,131.4,141390,3154530
2024-10-14 13:32:00+05:30,131.4,135.45,130.4,135,114690,3154530
2024-10-14 13:33:00+05:30,134.5,137.65,132.9,134.3,127260,3154530
2024-10-14 13:34:00+05:30,133.65,133.95,131.55,132.75,72945,3168465
2024-10-14 13:35:00+05:30,133,145.8,132.85,145.75,281460,3168465
2024-10-14 13:36:00+05:30,145.1,145.95,139.65,142.95,189165,3168465
2024-10-14 13:37:00+05:30,142.55,145,141.05,143.4,93660,3166005
2024-10-14 13:38:00+05:30,143,147.7,142.7,146.15,98400,3166005
2024-10-14 13:39:00+05:30,145.55,146.3,138.2,139.5,183960,3166005
2024-10-14 13:40:00+05:30,139,148.1,138.4,146.6,106275,3133035
2024-10-14 13:41:00+05:30,146.6,151.95,146.15,147,191280,3133035
2024-10-14 13:42:00+05:30,145.35,148.65,138.65,139.85,154785,3133035
2024-10-14 13:43:00+05:30,140,145.05,138.8,144,89490,3119175
2024-10-14 13:44:00+05:30,143.3,144,140.05,141.75,48345,3119175
2024-10-14 13:45:00+05:30,141.75,144,135.3,135.85,83175,3119175
2024-10-14 13:46:00+05:30,135.6,135.85,128.9,132,180075,3111120
2024-10-14 13:47:00+05:30,131.45,133.5,129.3,133.4,70260,3111120
2024-10-14 13:48:00+05:30,133.1,139.95,133.05,138.15,94515,3111120
2024-10-14 13:49:00+05:30,137.55,143.55,137.05,143.55,76065,3139995
2024-10-14 13:50:00+05:30,142.8,144.4,139.75,144.35,98865,3139995
2024-10-14 13:51:00+05:30,143.65,143.9,140.75,142.85,66765,3139995
2024-10-14 13:52:00+05:30,142.45,144,140.8,142.3,64185,3151080
2024-10-14 13:53:00+05:30,142.65,143.75,141.45,143,41385,3151080
2024-10-14 13:54:00+05:30,142.15,147.8,141.2,147.4,90705,3151080
2024-10-14 13:55:00+05:30,147.1,157.7,146.15,156.65,266625,3147105
2024-10-14 13:56:00+05:30,156.7,158.95,154,156.5,215700,3147105
2024-10-14 13:57:00+05:30,156.5,158,150.95,153.25,176325,3147105
2024-10-14 13:58:00+05:30,152.9,155.6,151.65,152.95,90525,3111825
2024-10-14 13:59:00+05:30,152.95,152.95,146.65,149.5,141090,3111825
2024-10-14 14:00:00+05:30,149.65,157.5,149.05,156.2,165600,3111825
2024-10-14 14:01:00+05:30,156.15,157.15,147.65,148.75,129165,3093885
2024-10-14 14:02:00+05:30,148.7,149.05,143.65,145.25,152490,3093885
2024-10-14 14:03:00+05:30,145.05,145.95,141.3,145.55,126060,3093885
2024-10-14 14:04:00+05:30,145.75,147.65,142,142.9,63930,3059100
2024-10-14 14:05:00+05:30,142.35,143.85,138,141.3,140550,3059100
2024-10-14 14:06:00+05:30,140.95,142.3,134.1,141.45,133320,3059100
2024-10-14 14:07:00+05:30,141.65,145.9,141.65,143.65,110475,3090885
2024-10-14 14:08:00+05:30,143.35,144.4,138.45,139.15,77655,3090885
2024-10-14 14:09:00+05:30,139.05,143.5,138.75,141.25,50070,3090885
2024-10-14 14:10:00+05:30,141.15,146.6,140,146.25,72420,3100545
2024-10-14 14:11:00+05:30,146.25,147.45,144.85,145.7,65880,3100545
2024-10-14 14:12:00+05:30,145.85,153.6,142.95,152.55,245790,3100545
2024-10-14 14:13:00+05:30,152.55,154.25,147.45,149.6,156690,3053775
2024-10-14 14:14:00+05:30,149.6,150,142.7,149.8,109440,3053775
2024-10-14 14:15:00+05:30,149.8,156,148.4,152.9,140760,3053775
2024-10-14 14:16:00+05:30,153,155.15,151.2,151.95,134490,3035880
2024-10-14 14:17:00+05:30,151.15,154.8,146.5,154.7,152130,3035880
2024-10-14 14:18:00+05:30,154.4,154.4,148.5,149.6,107160,3035880
2024-10-14 14:19:00+05:30,149.4,151.75,147.6,149.8,67200,3025350
2024-10-14 14:20:00+05:30,150.15,151.65,140.65,142.35,158115,3025350
2024-10-14 14:21:00+05:30,142.35,142.7,134.25,134.25,166455,3025350
2024-10-14 14:22:00+05:30,134,137.65,129.9,136.7,202050,3036660
2024-10-14 14:23:00+05:30,136.45,142.45,136.45,139.15,102375,3036660
2024-10-14 14:24:00+05:30,138.3,140,136.15,137.95,62880,3036660
2024-10-14 14:25:00+05:30,137.85,137.85,131.8,134.4,93555,3036015
2024-10-14 14:26:00+05:30,134.4,137,133.25,134.15,53685,3036015
2024-10-14 14:27:00+05:30,134.15,136.25,132.05,132.85,61890,3036015
2024-10-14 14:28:00+05:30,132.5,140.5,131.6,139.55,119055,3023850
2024-10-14 14:29:00+05:30,139.6,142.3,137.65,138.75,90270,3023850
2024-10-14 14:30:00+05:30,138.45,140.65,136.35,136.35,126030,3023850
2024-10-14 14:31:00+05:30,136.45,138.15,133.4,135.5,64140,2992665
2024-10-14 14:32:00+05:30,135.05,138.85,135.05,137.65,50505,2992665
2024-10-14 14:33:00+05:30,137.7,144.15,137.15,144.15,228525,2992665
2024-10-14 14:34:00+05:30,144.05,151,143.6,149.2,241320,2939265
2024-10-14 14:35:00+05:30,149.6,168,147.45,163.9,405960,2939265
2024-10-14 14:36:00+05:30,163.05,179.45,162.9,164.05,590835,2939265
2024-10-14 14:37:00+05:30,164.05,171.9,160.15,170.8,228705,2888850
2024-10-14 14:38:00+05:30,170.8,174,165.25,168.8,263235,2888850
2024-10-14 14:39:00+05:30,168.8,173.65,164.45,167.9,230130,2888850
2024-10-14 14:40:00+05:30,167.9,171.9,164.55,168,193560,2857005
2024-10-14 14:41:00+05:30,168.15,168.15,154.75,160.15,298035,2857005
2024-10-14 14:42:00+05:30,158.85,162.95,151.75,153.4,188835,2857005
2024-10-14 14:43:00+05:30,152.85,154.85,149.25,154.5,209415,2833440
2024-10-14 14:44:00+05:30,154.5,155.65,140.3,143.5,302265,2833440
2024-10-14 14:45:00+05:30,143.5,144.85,137.35,140.85,185220,2833440
2024-10-14 14:46:00+05:30,141.05,146.2,140.7,145.45,135645,2812095
2024-10-14 14:47:00+05:30,145.15,148,143.55,146.4,91800,2812095
2024-10-14 14:48:00+05:30,145.45,153.2,145.45,151.45,186645,2812095
2024-10-14 14:49:00+05:30,151.4,152.75,140.4,143.05,171465,2814195
2024-10-14 14:50:00+05:30,142.85,153.1,142.85,150.3,171960,2814195
2024-10-14 14:51:00+05:30,149.5,152,144.65,146.75,106800,2814195
2024-10-14 14:52:00+05:30,146.35,151,144.05,150,75555,2818560
2024-10-14 14:53:00+05:30,149.5,149.65,146.3,148.6,47580,2818560
2024-10-14 14:54:00+05:30,147.6,150.5,147.35,150.25,71535,2818560
2024-10-14 14:55:00+05:30,149.6,153.55,145.5,152.2,107325,2836440
2024-10-14 14:56:00+05:30,153.2,153.85,149.3,152.95,97590,2836440
2024-10-14 14:57:00+05:30,152.8,154.5,147.3,148.95,107310,2836440
2024-10-14 14:58:00+05:30,149.1,149.65,143.6,144.95,116715,2847690
2024-10-14 14:59:00+05:30,143.75,150.15,141.8,147.7,127305,2847690
2024-10-14 15:00:00+05:30,146.85,148.85,133,141.5,236730,2847690
2024-10-14 15:01:00+05:30,140.75,145.1,133.95,133.95,198915,2820780
2024-10-14 15:02:00+05:30,134.35,143.75,131.75,141.3,220770,2820780
2024-10-14 15:03:00+05:30,141.9,143.35,137.1,142,123450,2820780
2024-10-14 15:04:00+05:30,142.2,143.75,140,143.5,95850,2798160
2024-10-14 15:05:00+05:30,142.05,147.1,142.05,146.45,112950,2798160
2024-10-14 15:06:00+05:30,146.5,146.6,141.4,142.35,81315,2798160
2024-10-14 15:07:00+05:30,142.35,143.65,137.8,139.55,111405,2786370
2024-10-14 15:08:00+05:30,139.55,139.9,134.8,139.2,111585,2786370
2024-10-14 15:09:00+05:30,139.2,139.9,137.05,139.75,58485,2786370
2024-10-14 15:10:00+05:30,139.65,140,133.4,134.4,106485,2775030
2024-10-14 15:11:00+05:30,133.95,137.8,130.7,137.3,166245,2775030
2024-10-14 15:12:00+05:30,137.3,140.45,136.5,139.3,122685,2775030
2024-10-14 15:13:00+05:30,139.3,139.85,137,138.55,75225,2740905
2024-10-14 15:14:00+05:30,138.55,139.65,138.05,138.85,86100,2740905
2024-10-14 15:15:00+05:30,138.75,142.45,137.35,142.3,198120,2740905
2024-10-14 15:16:00+05:30,141.85,142.65,141,141.8,110130,2670720
2024-10-14 15:17:00+05:30,141.65,147.8,141.3,147.8,161190,2670720
2024-10-14 15:18:00+05:30,148,151.25,145.35,146.6,236340,2670720
2024-10-14 15:19:00+05:30,147,148,144.25,144.25,118035,2579775
2024-10-14 15:20:00+05:30,144.5,149.45,144.5,148.85,155535,2579775
2024-10-14 15:21:00+05:30,148.5,152,146.4,146.85,189285,2579775
2024-10-14 15:22:00+05:30,146.55,152,143.3,151.4,201300,2492235
2024-10-14 15:23:00+05:30,151,153,149.05,151.7,158940,2492235
2024-10-14 15:24:00+05:30,151.8,152.35,148.65,149.95,121560,2492235
2024-10-14 15:25:00+05:30,149.5,150,147.8,149.4,155760,2447085
2024-10-14 15:26:00+05:30,149.3,150.55,147.35,150.1,135285,2447085
2024-10-14 15:27:00+05:30,150.35,151.8,149.65,151,151005,2447085
2024-10-14 15:28:00+05:30,151.35,156.65,151.3,155.85,253515,2399805
2024-10-14 15:29:00+05:30,155.85,157,154,157,298620,2399805
2024-10-15 09:15:00+05:30,186.95,199,165.9,188.2,1129695,2439105
2024-10-15 09:16:00+05:30,188.2,198.55,186.85,193.6,817275,2439105
2024-10-15 09:17:00+05:30,193.6,211,191.15,195.05,1095420,2439105
2024-10-15 09:18:00+05:30,197.7,213.3,190.15,209.45,856350,2899785
2024-10-15 09:19:00+05:30,209.45,214.95,201.1,211.5,805920,2899785
2024-10-15 09:20:00+05:30,210.15,210.15,191,197.2,781290,2899785
2024-10-15 09:21:00+05:30,197.2,197.2,181,189.15,751800,3372810
2024-10-15 09:22:00+05:30,187.7,194.8,183,194.3,500340,3372810
2024-10-15 09:23:00+05:30,194.3,208.6,190.1,204.85,682140,3372810
2024-10-15 09:24:00+05:30,203.25,207.15,193.1,193.65,558165,3665985
2024-10-15 09:25:00+05:30,193.45,193.45,180.3,180.85,635085,3665985
2024-10-15 09:26:00+05:30,178.55,180.5,169.3,171.6,748755,3665985
2024-10-15 09:27:00+05:30,171.6,182,167.8,177.2,418995,3981495
2024-10-15 09:28:00+05:30,177.2,178.4,169.3,169.95,298395,3981495
2024-10-15 09:29:00+05:30,169.95,172.1,161.05,164.55,437610,3981495
2024-10-15 09:30:00+05:30,164.55,164.55,152,153.7,753540,4127115
2024-10-15 09:31:00+05:30,153.85,168.9,150.1,167.2,558930,4127115
2024-10-15 09:32:00+05:30,166.9,185.85,166.9,182.05,903525,4127115
2024-10-15 09:33:00+05:30,183,200.9,179.15,199.4,799650,4255515
2024-10-15 09:34:00+05:30,198.45,205.25,196,198.45,1026300,4255515
2024-10-15 09:35:00+05:30,199.5,201.65,190,194.05,620010,4255515
2024-10-15 09:36:00+05:30,194.05,194.05,178.2,178.5,575055,4380480
2024-10-15 09:37:00+05:30,178.5,188,178.5,180.1,379890,4380480
2024-10-15 09:38:00+05:30,180.1,183,171.4,173.3,430110,4380480
2024-10-15 09:39:00+05:30,173.3,183.45,169.3,182.65,396195,4426020
2024-10-15 09:40:00+05:30,183,184.9,175,175,295305,4426020
2024-10-15 09:41:00+05:30,175.6,185,174.3,177,238470,4426020
2024-10-15 09:42:00+05:30,177,184.05,172.25,180.75,245160,4513230
2024-10-15 09:43:00+05:30,180.2,181.25,176.6,180.4,124170,4513230
2024-10-15 09:44:00+05:30,180,181.7,164.05,167.2,363300,4513230
2024-10-15 09:45:00+05:30,166.85,170.45,158.85,164.85,529830,4557810
2024-10-15 09:46:00+05:30,164.85,166.1,153.45,158.65,460455,4557810
2024-10-15 09:47:00+05:30,159,159.8,152.15,154.35,410625,4557810
2024-10-15 09:48:00+05:30,154.35,159.25,146.15,146.9,404370,4595535
2024-10-15 09:49:00+05:30,148.9,151.65,125,127.75,1211835,4595535
2024-10-15 09:50:00+05:30,127.75,142.85,120.05,142.85,858000,4595535
2024-10-15 09:51:00+05:30,142.55,145.65,138.15,143.5,507885,4609305
2024-10-15 09:52:00+05:30,142,142.4,133.7,136.5,382260,4609305
2024-10-15 09:53:00+05:30,136.8,142.7,129.8,131.45,322575,4609305
2024-10-15 09:54:00+05:30,131.45,138.6,127.2,128.3,330135,4561140
2024-10-15 09:55:00+05:30,127.5,135.7,127.5,132.5,250680,4561140
2024-10-15 09:56:00+05:30,132.5,135.95,129,133.1,217530,4561140
2024-10-15 09:57:00+05:30,133.45,138.95,129.4,137.1,234375,4593300
2024-10-15 09:58:00+05:30,137.1,139,131.8,133.95,190950,4593300
2024-10-15 09:59:00+05:30,133.75,139.9,133.75,136.7,179205,4593300
2024-10-15 10:00:00+05:30,136.7,136.7,128.65,133.4,256920,4626465
2024-10-15 10:01:00+05:30,133.65,134.3,117,121.5,471150,4626465
2024-10-15 10:02:00+05:30,121.1,121.1,102.45,105,741375,4626465
2024-10-15 10:03:00+05:30,104.8,108.3,99.9,103,437115,4560480
2024-10-15 10:04:00+05:30,103.4,105.2,96.6,101.8,426945,4560480
2024-10-15 10:05:00+05:30,102.4,102.4,92.1,93.5,483945,4560480
2024-10-15 10:06:00+05:30,94.3,100.1,94,98.95,243600,4582410
2024-10-15 10:07:00+05:30,98.95,100.7,95.4,98.55,187140,4582410
2024-10-15 10:08:00+05:30,98.55,101.8,97.9,100.15,165435,4582410
2024-10-15 10:09:00+05:30,100.15,106,98.75,104.85,250695,4639065
2024-10-15 10:10:00+05:30,104.85,105.5,99.45,100.55,206190,4639065
2024-10-15 10:11:00+05:30,100.05,108,98.8,103.45,212970,4639065
2024-10-15 10:12:00+05:30,103.2,108,101.7,107.9,191985,4704780
2024-10-15 10:13:00+05:30,107.9,119.15,107.15,114.4,510225,4704780
2024-10-15 10:14:00+05:30,114.1,115.25,108.5,110.1,285315,4704780
2024-10-15 10:15:00+05:30,110.2,119.5,106.75,119.25,237510,4760640
2024-10-15 10:16:00+05:30,117.4,121.55,113.7,117,376530,4760640
2024-10-15 10:17:00+05:30,117.45,127.9,114.7,124.8,464595,4760640
2024-10-15 10:18:00+05:30,124.8,124.9,116.35,119.1,257160,4760025
2024-10-15 10:19:00+05:30,119.1,121.75,115.45,118.3,156645,4760025
2024-10-15 10:20:00+05:30,118.3,119.9,114.5,114.7,162075,4760025
2024-10-15 10:21:00+05:30,114.7,120,112.6,118.7,294720,4760025
2024-10-15 10:22:00+05:30,118.7,125.1,116.5,121.45,285540,4776660
2024-10-15 10:23:00+05:30,121.75,129,119.3,128,238425,4776660
2024-10-15 10:24:00+05:30,128.2,129.75,122.15,125,237645,4776660
2024-10-15 10:25:00+05:30,125,125.4,118.7,124.2,307680,4750095
2024-10-15 10:26:00+05:30,124.2,125.1,120.6,123.15,127680,4750095
2024-10-15 10:27:00+05:30,123.15,125,117.4,121.2,188490,4750095
2024-10-15 10:28:00+05:30,121.1,123.35,118.5,121.75,107685,4710330
2024-10-15 10:29:00+05:30,121.2,122.45,111.1,111.25,256170,4710330
2024-10-15 10:30:00+05:30,111.25,113.7,94.95,98.2,499185,4710330
2024-10-15 10:31:00+05:30,98.2,107.6,97.8,106.45,282375,4657590
2024-10-15 10:32:00+05:30,106.45,109.2,103,108.25,204810,4657590
2024-10-15 10:33:00+05:30,108.4,140.45,108,129.9,776250,4657590
2024-10-15 10:34:00+05:30,129.25,140.1,124.7,139.85,514020,4638465
2024-10-15 10:35:00+05:30,139.85,152.85,135.55,146.55,923670,4638465
2024-10-15 10:36:00+05:30,146.55,150.7,140.05,148.25,432180,4638465
2024-10-15 10:37:00+05:30,146.5,149.45,141.75,145.35,290760,4547550
2024-10-15 10:38:00+05:30,145.15,154.45,142.3,149.55,487215,4547550
2024-10-15 10:39:00+05:30,149.7,171.75,149.5,167.65,996330,4547550
2024-10-15 10:40:00+05:30,166.15,173.6,160.1,162.15,618105,4368405
2024-10-15 10:41:00+05:30,161.15,166.45,151.35,159.55,674175,4368405
2024-10-15 10:42:00+05:30,158.65,171,156.7,171,479985,4368405
2024-10-15 10:43:00+05:30,168.35,186.55,168.35,177.35,1018770,4382580
2024-10-15 10:44:00+05:30,175.9,177.75,163.8,170.8,507795,4382580
2024-10-15 10:45:00+05:30,170.65,174.95,164.55,168.4,428790,4382580
2024-10-15 10:46:00+05:30,168.8,168.8,154.8,156.7,462660,4433595
2024-10-15 10:47:00+05:30,156.8,165.75,154.25,161.45,339285,4433595
2024-10-15 10:48:00+05:30,161.8,167.85,157.3,164.05,267300,4433595
2024-10-15 10:49:00+05:30,164.05,164.7,144.55,144.55,492135,4497795
2024-10-15 10:50:00+05:30,144.55,149.35,139.85,139.85,349710,4497795
2024-10-15 10:51:00+05:30,140.2,149.35,139.4,145.6,315840,4497795
2024-10-15 10:52:00+05:30,144.35,149,141.55,144.95,194145,4469955
2024-10-15 10:53:00+05:30,144.95,144.95,132.55,134.85,375480,4469955
2024-10-15 10:54:00+05:30,134.85,142.7,133.75,138.9,196920,4469955
2024-10-15 10:55:00+05:30,138.7,142.8,102.25,110.2,662805,4496295
2024-10-15 10:56:00+05:30,110.2,120.3,104.15,117.8,460680,4496295
2024-10-15 10:57:00+05:30,117.8,119.3,113.25,116.7,331050,4496295
2024-10-15 10:58:00+05:30,116.7,124.4,114.1,122.45,294195,4517040
2024-10-15 10:59:00+05:30,122.15,123.75,116.8,119.2,191145,4517040
2024-10-15 11:00:00+05:30,118.75,122.35,117,118.7,158745,4517040
2024-10-15 11:01:00+05:30,119.35,122.3,116.6,118.1,164985,4648155
2024-10-15 11:02:00+05:30,117.85,121.75,115,115.05,193050,4648155
2024-10-15 11:03:00+05:30,114.45,120.3,111.1,120.3,277950,4648155
2024-10-15 11:04:00+05:30,120.8,121.25,112.8,114.25,184545,4727070
2024-10-15 11:05:00+05:30,114.85,115.3,108.9,109.75,328035,4727070
2024-10-15 11:06:00+05:30,109.75,116.95,108.6,116.1,238080,4727070
2024-10-15 11:07:00+05:30,116,117.85,110.5,116.2,165960,4903110
2024-10-15 11:08:00+05:30,116.5,119,112,118.4,119595,4903110
2024-10-15 11:09:00+05:30,118.4,118.4,109.4,113.6,200925,4903110
2024-10-15 11:10:00+05:30,112.85,114,108.5,109.1,99735,4978380
2024-10-15 11:11:00+05:30,108.75,109.95,102.9,104.8,243705,4978380
2024-10-15 11:12:00+05:30,104.45,108.95,102.85,108.95,162540,4978380
2024-10-15 11:13:00+05:30,108.45,111.55,103,103.4,150630,5026215
2024-10-15 11:14:00+05:30,103,107,101.75,106.8,143805,5026215
2024-10-15 11:15:00+05:30,106.7,107.55,103.25,106.6,90975,5026215
2024-10-15 11:16:00+05:30,106.6,109.1,104.65,107.2,103515,5050470
2024-10-15 11:17:00+05:30,107.2,108,104,104.8,96990,5050470
2024-10-15 11:18:00+05:30,105.1,111.6,104.1,110.75,168030,5050470
2024-10-15 11:19:00+05:30,110.7,113.5,108.75,113.1,215685,5016720
2024-10-15 11:20:00+05:30,112.55,119.6,111.15,117.1,322035,5016720
2024-10-15 11:21:00+05:30,116.75,119,106.9,108.5,249105,5016720
2024-10-15 11:22:00+05:30,108.5,111.1,105.5,110.3,128685,4968585
2024-10-15 11:23:00+05:30,110.3,110.5,96.7,98.2,389085,4968585
2024-10-15 11:24:00+05:30,98.2,99.35,93.6,94.25,375960,4968585
2024-10-15 11:25:00+05:30,94.25,98.1,94,97.5,333330,4996950
2024-10-15 11:26:00+05:30,97.5,101,96.95,99.7,279390,4996950
2024-10-15 11:27:00+05:30,99.7,100.55,95.1,99.6,172260,4996950
2024-10-15 11:28:00+05:30,99.6,99.6,88.45,91.55,328935,5035695
2024-10-15 11:29:00+05:30,91.6,95,90,90.7,207210,5035695
2024-10-15 11:30:00+05:30,91.2,93.3,90.2,91.6,188535,5035695
2024-10-15 11:31:00+05:30,90.85,94.55,88.1,94.15,174765,5043615
2024-10-15 11:32:00+05:30,94.35,98.3,93.25,97.35,200295,5043615
2024-10-15 11:33:00+05:30,96.8,98.8,92.7,98.7,138420,5043615
2024-10-15 11:34:00+05:30,98.7,100.9,97.65,99.5,158415,5080035
2024-10-15 11:35:00+05:30,99.5,103.85,98.5,98.85,201315,5080035
2024-10-15 11:36:00+05:30,98.7,99.6,95.3,98.75,153615,5080035
2024-10-15 11:37:00+05:30,98.9,102.25,96,98,124065,5081190
2024-10-15 11:38:00+05:30,98.25,103.35,97.1,103.05,89460,5081190
2024-10-15 11:39:00+05:30,102.9,106.7,101.5,103.35,188250,5081190
2024-10-15 11:40:00+05:30,103.15,107.1,101.15,102.8,155025,5050920
2024-10-15 11:41:00+05:30,103,108,97.7,99.3,210735,5050920
2024-10-15 11:42:00+05:30,99.25,105.05,98.15,104.65,146580,5050920
2024-10-15 11:43:00+05:30,104.15,106.9,101.8,105.8,126270,5027565
2024-10-15 11:44:00+05:30,105.5,106.35,103,106.05,131730,5027565
2024-10-15 11:45:00+05:30,106.05,106.3,98.3,101.2,189525,5027565
2024-10-15 11:46:00+05:30,101.2,102.55,96.5,96.5,120795,5040330
2024-10-15 11:47:00+05:30,96.5,104.15,96.5,100.8,103140,5040330
2024-10-15 11:48:00+05:30,100.8,101.85,98,100.55,83010,5040330
2024-10-15 11:49:00+05:30,100.55,106.5,100.4,103.2,142230,5037330
2024-10-15 11:50:00+05:30,103.2,104.9,101,101.5,91545,5037330
2024-10-15 11:51:00+05:30,101.5,105.6,99.8,105,94725,5037330
2024-10-15 11:52:00+05:30,104.35,109.35,104.15,108.85,171885,5029305
2024-10-15 11:53:00+05:30,108.85,112.35,105.25,111.1,177675,5029305
2024-10-15 11:54:00+05:30,111.1,114.4,109.55,111.95,204225,5029305
2024-10-15 11:55:00+05:30,111.95,115.75,107.25,114.3,194055,5061060
2024-10-15 11:56:00+05:30,114.3,117,111.05,115,282105,5061060
2024-10-15 11:57:00+05:30,115,127,114.65,124.3,518025,5061060
2024-10-15 11:58:00+05:30,124,130.5,121.75,127.6,534135,4954365
2024-10-15 11:59:00+05:30,128.4,131.95,124,127.55,395385,4954365
2024-10-15 12:00:00+05:30,127.85,127.9,118.3,121.65,381660,4954365
2024-10-15 12:01:00+05:30,120.5,121.75,116.1,118.4,174375,4896000
2024-10-15 12:02:00+05:30,118,138.05,117,133.55,435255,4896000
2024-10-15 12:03:00+05:30,133.35,135.7,128.6,131.9,330705,4896000
2024-10-15 12:04:00+05:30,132.6,136.25,129.5,133.8,295980,4859070
2024-10-15 12:05:00+05:30,133.8,134,122.5,125.2,267045,4859070
2024-10-15 12:06:00+05:30,124.85,126.85,117,122.95,302085,4859070
2024-10-15 12:07:00+05:30,122.55,125.8,120.75,122.75,117930,4818090
2024-10-15 12:08:00+05:30,122.55,130,122.15,129.2,118125,4818090
2024-10-15 12:09:00+05:30,128.9,129.45,119,120.2,150450,4818090
2024-10-15 12:10:00+05:30,120,128.85,118.2,126.7,123675,4821015
2024-10-15 12:11:00+05:30,126.85,131.1,125.5,129.65,182445,4821015
2024-10-15 12:12:00+05:30,129.85,130.4,122.05,122.6,111645,4821015
2024-10-15 12:13:00+05:30,123.5,125.4,119.55,122.4,153495,4817820
2024-10-15 12:14:00+05:30,122.4,130,122.4,123.6,206835,4817820
2024-10-15 12:15:00+05:30,123.9,126.45,117.25,125.25,227070,4817820
2024-10-15 12:16:00+05:30,125,125.8,120.55,120.8,119325,4788915
2024-10-15 12:17:00+05:30,120.8,121.35,110.3,111.65,279540,4788915
2024-10-15 12:18:00+05:30,111.65,112.8,107.75,110.35,180180,4788915
2024-10-15 12:19:00+05:30,110.35,118.15,108.85,117,181905,4773465
2024-10-15 12:20:00+05:30,117,117,109.95,111.25,114570,4773465
2024-10-15 12:21:00+05:30,111.25,116.5,109.65,115.25,122100,4773465
2024-10-15 12:22:00+05:30,115.25,117.5,105.25,105.4,231015,4768725
2024-10-15 12:23:00+05:30,105.4,115.8,105.4,114.3,156765,4768725
2024-10-15 12:24:00+05:30,114.25,114.85,111,114,77610,4768725
2024-10-15 12:25:00+05:30,114.4,114.7,110.1,114.65,99585,4771035
2024-10-15 12:26:00+05:30,114.4,123,114.05,122.5,175185,4771035
2024-10-15 12:27:00+05:30,122.65,124.4,121.15,122.3,180300,4771035
2024-10-15 12:28:00+05:30,121.5,123.95,119.3,123.65,115380,4793415
2024-10-15 12:29:00+05:30,123.6,123.6,117.45,119,123960,4793415
2024-10-15 12:30:00+05:30,118.55,124.8,116,123.95,124050,4793415
2024-10-15 12:31:00+05:30,123,125.5,120.75,122.65,155760,4796655
2024-10-15 12:32:00+05:30,123.25,123.6,117.2,123.45,140040,4796655
2024-10-15 12:33:00+05:30,123,131,122.75,131,255210,4796655
2024-10-15 12:34:00+05:30,130.95,144.7,130.75,141.25,914790,4769865
2024-10-15 12:35:00+05:30,141,144.55,132.1,132.25,559020,4769865
2024-10-15 12:36:00+05:30,131.9,137.5,130.7,135.05,303990,4769865
2024-10-15 12:37:00+05:30,135.15,135.35,126.3,129.45,279135,4759425
2024-10-15 12:38:00+05:30,128.8,138.45,127.75,137.6,329190,4759425
2024-10-15 12:39:00+05:30,137.4,138.2,131,133.9,260715,4759425
2024-10-15 12:40:00+05:30,134.35,137.25,132.6,133.3,186330,4656195
2024-10-15 12:41:00+05:30,133.15,135.9,130.6,134.65,178995,4656195
2024-10-15 12:42:00+05:30,135.35,148.95,135.35,142.35,612075,4656195
2024-10-15 12:43:00+05:30,141.3,141.55,133.35,136.2,405465,4584750
2024-10-15 12:44:00+05:30,136.2,139.1,135.15,136.3,122085,4584750
2024-10-15 12:45:00+05:30,135.95,141.3,134.4,141.1,197115,4584750
2024-10-15 12:46:00+05:30,141.1,144.55,135.85,136.25,286245,4579215
2024-10-15 12:47:00+05:30,136.25,143.5,135.85,142,221730,4579215
2024-10-15 12:48:00+05:30,142,144,139.65,142.3,195225,4579215
2024-10-15 12:49:00+05:30,142.1,154.4,139.8,149.75,628965,4553775
2024-10-15 12:50:00+05:30,149.75,151.7,136.25,138.25,426720,4553775
2024-10-15 12:51:00+05:30,138.25,143.4,136.3,142.3,200805,4553775
2024-10-15 12:52:00+05:30,142.8,144,135.35,136.4,248310,4494600
2024-10-15 12:53:00+05:30,135.9,137.55,127.1,129.35,410310,4494600
2024-10-15 12:54:00+05:30,129.35,134.7,127.65,134.55,182505,4494600
2024-10-15 12:55:00+05:30,134.7,139.85,128.95,129.25,281850,4441155
2024-10-15 12:56:00+05:30,129.25,130.15,121.45,122.35,298425,4441155
2024-10-15 12:57:00+05:30,123.25,127.95,120.05,120.7,174210,4441155
2024-10-15 12:58:00+05:30,120.05,125.8,118.55,124.8,202410,4468350
2024-10-15 12:59:00+05:30,124.5,128.7,124.1,124.9,139935,4468350
2024-10-15 13:00:00+05:30,126.15,126.15,110.2,111.5,409245,4468350
2024-10-15 13:01:00+05:30,111.65,118,111,116.6,205905,4437630
2024-10-15 13:02:00+05:30,116.5,116.5,102.65,103.7,316035,4437630
2024-10-15 13:03:00+05:30,103.6,108,103.6,106.7,253665,4437630
2024-10-15 13:04:00+05:30,106.55,108,101.75,105.9,204690,4453335
2024-10-15 13:05:00+05:30,106,108,97.55,100.25,395805,4453335
2024-10-15 13:06:00+05:30,100.6,104,100.4,102.95,187095,4453335
2024-10-15 13:07:00+05:30,103.2,104.85,100.75,102.65,157845,4458240
2024-10-15 13:08:00+05:30,102.9,103.05,98.5,103.05,171075,4458240
2024-10-15 13:09:00+05:30,103.75,107.25,101.5,102.35,207735,4458240
2024-10-15 13:10:00+05:30,102.4,104.7,100.25,101.25,101130,4513875
2024-10-15 13:11:00+05:30,100.85,102,99.05,100.65,152445,4513875
2024-10-15 13:12:00+05:30,101,105.55,99.4,104.3,164250,4513875
2024-10-15 13:13:00+05:30,104.15,106,103,103,110160,4568295
2024-10-15 13:14:00+05:30,103.75,107.9,100.2,100.55,181905,4568295
2024-10-15 13:15:00+05:30,99.75,105.5,99.05,105.45,188790,4568295
2024-10-15 13:16:00+05:30,105.45,109.75,104.2,108.8,142695,4589850
2024-10-15 13:17:00+05:30,109.55,109.55,101.35,103.35,169755,4589850
2024-10-15 13:18:00+05:30,103.35,104.7,101,102.7,88005,4589850
2024-10-15 13:19:00+05:30,102.5,104.9,100.8,103.7,135795,4644405
2024-10-15 13:20:00+05:30,103.7,108.5,103.7,104.2,161895,4644405
2024-10-15 13:21:00+05:30,104.2,107.2,102.55,104.95,90045,4644405
2024-10-15 13:22:00+05:30,104.95,108.4,104.95,108.35,137265,4633365
2024-10-15 13:23:00+05:30,108.35,113.35,108.35,112.75,312075,4633365
2024-10-15 13:24:00+05:30,112.45,116.2,111.25,112.6,294930,4633365
2024-10-15 13:25:00+05:30,113,115,109.45,109.45,163770,4627635
2024-10-15 13:26:00+05:30,109.55,113.9,106.85,113.8,135720,4627635
2024-10-15 13:27:00+05:30,113.55,114,108,111.45,133215,4627635
2024-10-15 13:28:00+05:30,111.15,112.9,108.3,110.8,69750,4596390
2024-10-15 13:29:00+05:30,111,111.6,108.75,109.75,95220,4596390
2024-10-15 13:30:00+05:30,109.85,118.25,109.85,117.4,266565,4596390
2024-10-15 13:31:00+05:30,117,121.35,115.4,119.95,311610,4538865
2024-10-15 13:32:00+05:30,119.5,121.8,116.25,117.35,228150,4538865
2024-10-15 13:33:00+05:30,116.7,117.95,111.75,115.4,182070,4538865
2024-10-15 13:34:00+05:30,115.35,115.9,112.4,115.35,97965,4586580
2024-10-15 13:35:00+05:30,115.7,119.9,115.7,119.55,167775,4586580
2024-10-15 13:36:00+05:30,120.5,123.65,119.95,121.75,282330,4586580
2024-10-15 13:37:00+05:30,121.55,122.8,116.55,119.95,200280,4601910
2024-10-15 13:38:00+05:30,119.5,125.9,119.2,123.85,301035,4601910
2024-10-15 13:39:00+05:30,123.95,127.85,121,121.7,310380,4601910
2024-10-15 13:40:00+05:30,121.95,127.15,119.6,125,264300,4584360
2024-10-15 13:41:00+05:30,124.85,127.9,122,126.55,252465,4584360
2024-10-15 13:42:00+05:30,126.7,130.8,122.6,124.8,297615,4584360
2024-10-15 13:43:00+05:30,124.8,127.7,123.05,126.9,200085,4501320
2024-10-15 13:44:00+05:30,126.9,132.95,122.45,130.95,259605,4501320
2024-10-15 13:45:00+05:30,130.95,131.7,126.3,126.9,218175,4501320
2024-10-15 13:46:00+05:30,127.45,140.85,127.45,139.15,549465,4457235
2024-10-15 13:47:00+05:30,139.15,141.5,131,131,344205,4457235
2024-10-15 13:48:00+05:30,129.25,130.3,122,122.9,323670,4457235
2024-10-15 13:49:00+05:30,122.5,122.5,117.25,118.25,356280,4400565
2024-10-15 13:50:00+05:30,118.5,121.3,108.55,112.75,312855,4400565
2024-10-15 13:51:00+05:30,112.75,118.15,112.4,117.2,164430,4400565
2024-10-15 13:52:00+05:30,117.25,120.35,114.15,115.65,164415,4425315
2024-10-15 13:53:00+05:30,115.65,116.05,108.75,109.15,209295,4425315
2024-10-15 13:54:00+05:30,109.15,116.2,109,115.85,118845,4425315
2024-10-15 13:55:00+05:30,115.85,121,115.35,119.7,209655,4416555
2024-10-15 13:56:00+05:30,119.1,119.2,110.6,112.15,182280,4416555
2024-10-15 13:57:00+05:30,112.15,113.05,99.15,103.05,441090,4416555
2024-10-15 13:58:00+05:30,103.2,108.4,102.8,104.7,155880,4445445
2024-10-15 13:59:00+05:30,104.55,106.4,101.65,104.75,127140,4445445
2024-10-15 14:00:00+05:30,104.7,106.5,103.2,103.35,129885,4445445
2024-10-15 14:01:00+05:30,103.2,109.55,102,108.45,132960,4455990
2024-10-15 14:02:00+05:30,108.75,111.15,107.05,108.1,184965,4455990
2024-10-15 14:03:00+05:30,108.3,110.95,106.45,107.05,100890,4455990
2024-10-15 14:04:00+05:30,106.7,110.8,105.75,109.85,76020,4486080
2024-10-15 14:05:00+05:30,110.1,113.05,107.7,110.3,115050,4486080
2024-10-15 14:06:00+05:30,110.15,113.35,109.45,112,98910,4486080
2024-10-15 14:07:00+05:30,111.9,112.2,106,109.75,126975,4510830
2024-10-15 14:08:00+05:30,109.35,115.3,107.8,114,116835,4510830
2024-10-15 14:09:00+05:30,113.6,117.6,113.05,115.8,162255,4510830
2024-10-15 14:10:00+05:30,115.8,119.3,113.25,113.45,195270,4485585
2024-10-15 14:11:00+05:30,113.85,114.6,105.75,107.1,180345,4485585
2024-10-15 14:12:00+05:30,106.6,111.7,105.85,110.35,128220,4485585
2024-10-15 14:13:00+05:30,110.3,116.35,108.3,114.5,139080,4500450
2024-10-15 14:14:00+05:30,114.5,116.6,113.5,115.25,115620,4500450
2024-10-15 14:15:00+05:30,115.05,118.8,112.35,116.4,181920,4500450
2024-10-15 14:16:00+05:30,116.4,117.65,113.05,115.7,121680,4514640
2024-10-15 14:17:00+05:30,115.7,118.2,113.35,114.8,144390,4514640
2024-10-15 14:18:00+05:30,114.8,115,110.5,111.8,112185,4514640
2024-10-15 14:19:00+05:30,111.8,117.3,111,114.25,134250,4507005
2024-10-15 14:20:00+05:30,114.25,124.45,114,122.9,259530,4507005
2024-10-15 14:21:00+05:30,122.7,122.7,111.9,112,301095,4507005
2024-10-15 14:22:00+05:30,112,112,105.3,107.9,246540,4489875
2024-10-15 14:23:00+05:30,107.9,109.85,106.8,107.3,104685,4489875
2024-10-15 14:24:00+05:30,107.05,109.8,106.65,108.75,70620,4489875
2024-10-15 14:25:00+05:30,108.75,109.6,103.25,104.4,168435,4487760
2024-10-15 14:26:00+05:30,104.3,106.45,102.4,106.05,163545,4487760
2024-10-15 14:27:00+05:30,106.55,112.45,106.25,111,208560,4487760
2024-10-15 14:28:00+05:30,110.65,111,106.35,110.65,95580,4495245
2024-10-15 14:29:00+05:30,110.5,111.45,106.85,107.95,104190,4495245
2024-10-15 14:30:00+05:30,108.1,111.4,107.95,111,97470,4495245
2024-10-15 14:31:00+05:30,110.9,113.2,108.6,112.7,102060,4479780
2024-10-15 14:32:00+05:30,112.85,114.6,110,110.5,93765,4479780
2024-10-15 14:33:00+05:30,110.8,110.9,104,106.2,149235,4479780
2024-10-15 14:34:00+05:30,106.25,111.5,105.4,111,103440,4459785
2024-10-15 14:35:00+05:30,110.9,111.5,104.3,107.35,128940,4459785
2024-10-15 14:36:00+05:30,107.45,109.75,95.4,99.1,390945,4459785
2024-10-15 14:37:00+05:30,98.2,98.2,81.2,83.6,704145,4386885
2024-10-15 14:38:00+05:30,83.15,88.45,80.3,87.9,321990,4386885
2024-10-15 14:39:00+05:30,87.8,94.85,87.8,94.1,346320,4386885
2024-10-15 14:40:00+05:30,93.3,94.85,89.65,93.65,218115,4425240
2024-10-15 14:41:00+05:30,93.65,95.8,86.7,88,194460,4425240
2024-10-15 14:42:00+05:30,87.8,92,85,87.9,171195,4425240
2024-10-15 14:43:00+05:30,87.95,89.45,82.85,89.3,256335,4455960
2024-10-15 14:44:00+05:30,89.5,91.9,88.4,91,165405,4455960
2024-10-15 14:45:00+05:30,91,95,89.95,94.15,234210,4455960
2024-10-15 14:46:00+05:30,94.3,99.35,94.2,99.05,209355,4459545
2024-10-15 14:47:00+05:30,97.85,99.1,91.9,92.4,182940,4459545
2024-10-15 14:48:00+05:30,92.4,96.8,92.4,96,167280,4459545
2024-10-15 14:49:00+05:30,96,98.4,94.45,95.75,162975,4552215
2024-10-15 14:50:00+05:30,96.4,98.25,94,94.55,148485,4552215
2024-10-15 14:51:00+05:30,94.55,99.8,92.45,99.8,140790,4552215
2024-10-15 14:52:00+05:30,99.8,105,98.6,104.25,381780,4590525
2024-10-15 14:53:00+05:30,104.2,108.95,99.4,100.7,359940,4590525
2024-10-15 14:54:00+05:30,101.65,102.6,97.5,101.75,181035,4590525
2024-10-15 14:55:00+05:30,101.5,104.05,95,95,245460,4582965
2024-10-15 14:56:00+05:30,95.25,103.25,94.3,101.45,381465,4582965
2024-10-15 14:57:00+05:30,101.45,102.65,89.35,89.35,342075,4582965
2024-10-15 14:58:00+05:30,89.55,90.8,82.7,90.7,516615,4478280
2024-10-15 14:59:00+05:30,91.15,92.35,86,90,198135,4478280
2024-10-15 15:00:00+05:30,89.7,96.6,86.5,94.3,315660,4478280
2024-10-15 15:01:00+05:30,94.7,101.4,92.65,101.35,265890,4374030
2024-10-15 15:02:00+05:30,100.45,101,93.6,95.35,197700,4374030
2024-10-15 15:03:00+05:30,94.95,99,91,98.55,199335,4374030
2024-10-15 15:04:00+05:30,98.5,99.3,94.1,95.3,151365,4360170
2024-10-15 15:05:00+05:30,96.5,97.5,88.6,89.9,229485,4360170
2024-10-15 15:06:00+05:30,89.95,92.85,88.3,90.55,156600,4360170
2024-10-15 15:07:00+05:30,90.25,92.5,88.1,92.2,193830,4351560
2024-10-15 15:08:00+05:30,91.85,94.7,91.6,94.4,134490,4351560
2024-10-15 15:09:00+05:30,95,98.65,93.8,98.65,178995,4351560
2024-10-15 15:10:00+05:30,98.45,101.15,95.65,97.25,282465,4281150
2024-10-15 15:11:00+05:30,97.55,106.4,95.3,103.8,409950,4281150
2024-10-15 15:12:00+05:30,102.95,110.5,102.75,107.95,420705,4281150
2024-10-15 15:13:00+05:30,107.95,113.3,106.35,106.7,401175,4276515
2024-10-15 15:14:00+05:30,106.9,110,103,110,341085,4276515
2024-10-15 15:15:00+05:30,110.25,112.85,107.4,110.05,456765,4276515
2024-10-15 15:16:00+05:30,110.55,111,105.6,110.95,308295,4123335
2024-10-15 15:17:00+05:30,110.5,113.6,109.4,113.05,299400,4123335
2024-10-15 15:18:00+05:30,113.05,119.25,113.05,113.2,539985,4123335
2024-10-15 15:19:00+05:30,114.05,118.4,114.05,117.45,258030,4038210
2024-10-15 15:20:00+05:30,117.55,120.6,114.45,117.9,450210,4038210
2024-10-15 15:21:00+05:30,117.9,118.95,114.65,117.25,291630,4038210
2024-10-15 15:22:00+05:30,117.9,119.2,113.5,116.15,336195,3962085
2024-10-15 15:23:00+05:30,116.15,118,115.35,116.25,248115,3962085
2024-10-15 15:24:00+05:30,116.45,117.15,113.9,117.15,274080,3962085
2024-10-15 15:25:00+05:30,116.85,118.95,115,118.2,366690,3823890
2024-10-15 15:26:00+05:30,118.6,120.65,116.95,120.65,331620,3823890
2024-10-15 15:27:00+05:30,121,126.2,121,125.05,440610,3823890
2024-10-15 15:28:00+05:30,125.5,127.35,119,121.4,402285,3752925
2024-10-15 15:29:00+05:30,121.15,123.8,119.5,121.45,434355,3752925
2024-10-16 09:15:00+05:30,65,72.75,46.4,54.5,1896300,4031175
2024-10-16 09:16:00+05:30,54.5,86.75,54.5,81.45,2231025,4031175
2024-10-16 09:17:00+05:30,81.45,82,65.5,66.65,1692960,4031175
2024-10-16 09:18:00+05:30,67.85,74.75,61.55,71.45,1424925,4712430
2024-10-16 09:19:00+05:30,71.45,87.8,69.8,73.75,2024655,4712430
2024-10-16 09:20:00+05:30,74.15,129.55,74.15,129.55,3831135,4712430
2024-10-16 09:21:00+05:30,121.75,134,96.4,100.8,2677365,5072580
2024-10-16 09:22:00+05:30,100.8,106.55,88.65,93.15,1858335,5072580
2024-10-16 09:23:00+05:30,92.8,101.45,82,83.4,1640760,5072580
2024-10-16 09:24:00+05:30,83.4,102.45,83.4,89,1961400,5944170
2024-10-16 09:25:00+05:30,90.95,97.35,86,89.4,1429695,5944170
2024-10-16 09:26:00+05:30,90.6,90.6,76.2,78.35,1812735,5944170
2024-10-16 09:27:00+05:30,79.75,84,74,78,1259370,6426450
2024-10-16 09:28:00+05:30,78,89.55,72.35,76.2,1683315,6426450
2024-10-16 09:29:00+05:30,77.45,78.25,70.45,72.45,1272810,6426450
2024-10-16 09:30:00+05:30,73.8,77.9,67.35,70.4,1844130,7286025
2024-10-16 09:31:00+05:30,70,92,68.55,77.6,3034545,7286025
2024-10-16 09:32:00+05:30,77.6,83.8,72.5,73.2,1513350,7286025
2024-10-16 09:33:00+05:30,73.2,73.85,60.05,71.45,2579775,7791165
2024-10-16 09:34:00+05:30,71.35,73.45,57.5,59.25,2058285,7791165
2024-10-16 09:35:00+05:30,59.4,64,55.7,62.25,1581840,7791165
2024-10-16 09:36:00+05:30,61.75,70.3,57.05,66.8,1529055,8122860
2024-10-16 09:37:00+05:30,67.9,68.2,55.8,58.4,1361865,8122860
2024-10-16 09:38:00+05:30,57.15,76.1,55.6,76.1,2071125,8122860
2024-10-16 09:39:00+05:30,75.4,98,70.35,78.15,3759300,8155515
2024-10-16 09:40:00+05:30,78,84.15,67.25,69,2335845,8155515
2024-10-16 09:41:00+05:30,69,69,60.6,65.25,1813155,8155515
2024-10-16 09:42:00+05:30,65.25,79.55,64.45,77.6,2007165,8155515
2024-10-16 09:43:00+05:30,77,99.15,75.05,97.55,3947820,8911500
2024-10-16 09:44:00+05:30,97.55,109.75,86.2,86.2,3861360,8911500
2024-10-16 09:45:00+05:30,87,87,73.1,74,2805900,8911500
2024-10-16 09:46:00+05:30,74,88.95,70.55,80.05,2433645,8526360
2024-10-16 09:47:00+05:30,80.5,101.2,72.9,80.4,3117555,8526360
2024-10-16 09:48:00+05:30,80.4,98.1,80.4,90.55,2126115,8526360
2024-10-16 09:49:00+05:30,90.55,118.1,86,110.15,4264650,8513220
2024-10-16 09:50:00+05:30,107.9,111.8,85.6,87.75,3765030,8513220
2024-10-16 09:51:00+05:30,87.75,97,87.25,88.75,1789695,8513220
2024-10-16 09:52:00+05:30,88.75,101.7,87.55,96.65,1942905,8565660
2024-10-16 09:53:00+05:30,96.65,100.2,87.45,90.2,1463445,8565660
2024-10-16 09:54:00+05:30,89.65,97.5,83.4,91.8,1909590,8565660
2024-10-16 09:55:00+05:30,92.1,99.45,86.2,92.4,1855875,8632830
2024-10-16 09:56:00+05:30,93.5,99.6,91.85,93.7,1298100,8632830
2024-10-16 09:57:00+05:30,93.9,94.2,85.05,87.5,1727265,8632830
2024-10-16 09:58:00+05:30,86.2,95.2,81,90.65,1843845,9073770
2024-10-16 09:59:00+05:30,90.65,92.95,77.4,79,1589025,9073770
2024-10-16 10:00:00+05:30,79.3,79.3,64.65,69.45,3744330,9073770
2024-10-16 10:01:00+05:30,67.8,74.6,65.65,68.95,1591680,9238830
2024-10-16 10:02:00+05:30,68.95,73.9,62.95,72,1555290,9238830
2024-10-16 10:03:00+05:30,72,73.05,65.1,66.45,1376220,9238830
2024-10-16 10:04:00+05:30,66.45,68.65,58,62.9,1943580,9769875
2024-10-16 10:05:00+05:30,62.15,65.9,59.15,63.6,1394025,9769875
2024-10-16 10:06:00+05:30,63.75,63.75,54.55,58.45,1908885,9769875
2024-10-16 10:07:00+05:30,57.9,63.5,55.95,63.5,1226655,9955305
2024-10-16 10:08:00+05:30,64.45,67.3,61,67.3,1177425,9955305
2024-10-16 10:09:00+05:30,67.65,76.85,66.35,70.25,2634405,9955305
2024-10-16 10:10:00+05:30,70.65,78.7,66.4,67.95,2121975,10396530
2024-10-16 10:11:00+05:30,68.6,69,59.95,61.55,1762080,10396530
2024-10-16 10:12:00+05:30,61.5,62.8,55.15,56.3,1558035,10396530
2024-10-16 10:13:00+05:30,57,57.1,46.9,49.1,2658990,10923480
2024-10-16 10:14:00+05:30,49.1,52.85,48.1,50.2,1582485,10923480
2024-10-16 10:15:00+05:30,50.7,52.65,49.15,50,1283235,10923480
2024-10-16 10:16:00+05:30,50,52.05,43.05,47.4,2249715,11600115
2024-10-16 10:17:00+05:30,47.4,50.3,46.85,48.8,1284030,11600115
2024-10-16 10:18:00+05:30,48.8,54,48.75,52.3,1835250,11600115
2024-10-16 10:19:00+05:30,52.3,53,46.6,46.65,1418520,12105330
2024-10-16 10:20:00+05:30,46.65,46.65,40.2,41,2184285,12105330
2024-10-16 10:21:00+05:30,41,42.85,39.1,41.7,1731570,12105330
2024-10-16 10:22:00+05:30,41.7,42.4,36.6,39.7,1850400,12475455
2024-10-16 10:23:00+05:30,39.7,42.4,37.55,38.95,1363470,12475455
2024-10-16 10:24:00+05:30,38.85,41.55,38.35,39.55,780585,12475455
2024-10-16 10:25:00+05:30,39.75,42.1,36,37.25,1342920,12640740
2024-10-16 10:26:00+05:30,37.45,38.85,34.7,36.85,1543890,12640740
2024-10-16 10:27:00+05:30,37.25,40.2,36.1,38,983325,12640740
2024-10-16 10:28:00+05:30,38.05,40,37.05,39.1,748125,12913365
2024-10-16 10:29:00+05:30,39,40.55,36.55,38.95,1035030,12913365
2024-10-16 10:30:00+05:30,38.95,39.55,35.85,36.6,1072275,12913365
2024-10-16 10:31:00+05:30,36.6,40.3,35.55,37.65,1251735,13334310
2024-10-16 10:32:00+05:30,37.65,39.8,36.9,39.05,985335,13334310
2024-10-16 10:33:00+05:30,39.05,40.05,36.1,36.6,1213050,13334310
2024-10-16 10:34:00+05:30,36.6,39.5,36,39.05,876690,13649145
2024-10-16 10:35:00+05:30,39.05,45.7,39,43.75,2651820,13649145
2024-10-16 10:36:00+05:30,42.95,46.65,42.05,42.05,1965735,13649145
2024-10-16 10:37:00+05:30,42.5,44.95,39.55,40.15,1451310,14007495
2024-10-16 10:38:00+05:30,40.05,40.9,35.05,35.9,1947300,14007495
2024-10-16 10:39:00+05:30,35.8,37.25,28.55,29.45,3187350,14007495
2024-10-16 10:40:00+05:30,29.7,30.7,26.45,28.7,2347830,13828875
2024-10-16 10:41:00+05:30,28.45,30,27.4,29.95,1098495,13828875
2024-10-16 10:42:00+05:30,29.95,30.95,29.05,30.95,999390,13828875
2024-10-16 10:43:00+05:30,30.95,33,30.45,32.75,1358355,13751550
2024-10-16 10:44:00+05:30,32.75,33.9,31.7,32.6,1354965,13751550
2024-10-16 10:45:00+05:30,32.6,34,31.7,31.8,1103115,13751550
2024-10-16 10:46:00+05:30,31.65,34,30.1,31.35,924915,14108520
2024-10-16 10:47:00+05:30,31.4,33.6,30.9,33.35,781830,14108520
2024-10-16 10:48:00+05:30,33.35,33.95,31.3,31.75,853725,14108520
2024-10-16 10:49:00+05:30,31.75,34.25,30.6,33.35,908355,14447745
2024-10-16 10:50:00+05:30,33.4,34,31.4,34,731490,14447745
2024-10-16 10:51:00+05:30,34,34.5,31.3,31.55,812550,14447745
2024-10-16 10:52:00+05:30,31.45,32.45,29.5,30.15,985995,14562210
2024-10-16 10:53:00+05:30,30.15,30.9,28.5,29.9,825150,14562210
2024-10-16 10:54:00+05:30,29.7,30.6,28.85,29.75,711765,14562210
2024-10-16 10:55:00+05:30,29.4,32.05,29.4,31.7,742425,14759175
2024-10-16 10:56:00+05:30,31.55,32.35,30.2,32.05,722010,14759175
2024-10-16 10:57:00+05:30,32.1,33.35,30,32.6,845310,14759175
2024-10-16 10:58:00+05:30,32.75,34.25,31.1,32.5,899820,14683515
2024-10-16 10:59:00+05:30,32.8,35.65,31.8,33.9,1355790,14683515
2024-10-16 11:00:00+05:30,33.9,36.35,33.05,35.4,1784040,14683515
2024-10-16 11:01:00+05:30,35.4,36.9,33.8,33.85,1180845,14927490
2024-10-16 11:02:00+05:30,33.65,34.55,29.15,29.65,1668825,14927490
2024-10-16 11:03:00+05:30,29.65,29.8,26.25,28.4,1579065,14927490
2024-10-16 11:04:00+05:30,27.8,30,27.8,28.7,701505,15068175
2024-10-16 11:05:00+05:30,28.7,29.8,28.15,29.15,534315,15068175
2024-10-16 11:06:00+05:30,29,30.5,28.7,29.65,761370,15068175
2024-10-16 11:07:00+05:30,29.7,29.75,27.1,29.05,905115,15166785
2024-10-16 11:08:00+05:30,28.9,29.15,27,27.15,761655,15166785
2024-10-16 11:09:00+05:30,27,27.1,24.4,25.35,1911615,15166785
2024-10-16 11:10:00+05:30,25.15,25.8,22.9,23.35,1539105,15177330
2024-10-16 11:11:00+05:30,23.15,23.65,21.75,23.25,1685700,15177330
2024-10-16 11:12:00+05:30,23.25,25,23.05,24.6,968475,15177330
2024-10-16 11:13:00+05:30,24.8,26.4,24.5,25.25,1357245,14878425
2024-10-16 11:14:00+05:30,25.25,26,24.5,24.5,585090,14878425
2024-10-16 11:15:00+05:30,24.5,25.8,22.65,22.9,1097625,14878425
2024-10-16 11:16:00+05:30,22.85,23.7,19.15,21,2446545,15093345
2024-10-16 11:17:00+05:30,21,22.15,20.6,21.3,933870,15093345
2024-10-16 11:18:00+05:30,21.3,21.3,19.55,20.7,1441050,15093345
2024-10-16 11:19:00+05:30,20.7,21.45,20.1,20.15,718590,14760375
2024-10-16 11:20:00+05:30,20.05,21.05,19.45,20.8,875535,14760375
2024-10-16 11:21:00+05:30,20.85,21,20.2,20.7,559770,14760375
2024-10-16 11:22:00+05:30,20.7,21.05,19.6,20.55,1014675,14858535
2024-10-16 11:23:00+05:30,20.55,21.6,20,20.05,739335,14858535
2024-10-16 11:24:00+05:30,20,21.35,19.65,20.95,729885,14858535
2024-10-16 11:25:00+05:30,20.85,21.5,20.45,21.35,505875,14715750
2024-10-16 11:26:00+05:30,21.35,21.9,21.15,21.7,687195,14715750
2024-10-16 11:27:00+05:30,21.75,22.1,20.05,20.3,805185,14715750
2024-10-16 11:28:00+05:30,20.25,20.6,17.7,17.85,2086200,14779995
2024-10-16 11:29:00+05:30,17.75,17.75,16.1,16.95,1632720,14779995
2024-10-16 11:30:00+05:30,16.8,17.65,16.65,17.05,1244895,14779995
2024-10-16 11:31:00+05:30,17.2,17.2,16,16.05,1008675,14576805
2024-10-16 11:32:00+05:30,16.05,16.3,15.35,15.7,1366470,14576805
2024-10-16 11:33:00+05:30,15.7,16.2,15.5,16.1,697890,14576805
2024-10-16 11:34:00+05:30,16.1,16.25,15.05,15.75,708825,14845965
2024-10-16 11:35:00+05:30,15.75,17,15.5,16.95,815520,14845965
2024-10-16 11:36:00+05:30,16.9,17.3,15.8,16.3,1127295,14845965
2024-10-16 11:37:00+05:30,16.35,17.05,16.05,16.65,589185,14999640
2024-10-16 11:38:00+05:30,16.65,16.85,15.95,16.2,515730,14999640
2024-10-16 11:39:00+05:30,16.25,16.45,15.9,16.3,444600,14999640
2024-10-16 11:40:00+05:30,16.35,16.85,15.95,16.2,625425,15066855
2024-10-16 11:41:00+05:30,16.2,16.7,15.85,16.15,648090,15066855
2024-10-16 11:42:00+05:30,16.2,16.2,13.3,13.5,1602225,15066855
2024-10-16 11:43:00+05:30,13.5,14.05,13.05,13.95,1093635,14802510
2024-10-16 11:44:00+05:30,13.95,14.25,13.65,14.1,957375,14802510
2024-10-16 11:45:00+05:30,14.1,14.25,13.25,13.7,883680,14802510
2024-10-16 11:46:00+05:30,13.65,14.3,13.6,14,594315,15048735
2024-10-16 11:47:00+05:30,14.05,14.6,13.95,14.35,626835,15048735
2024-10-16 11:48:00+05:30,14.4,14.9,14.1,14.3,581835,15048735
2024-10-16 11:49:00+05:30,14.3,15,14.1,14.7,451425,15098610
2024-10-16 11:50:00+05:30,14.7,15.4,14.25,14.85,635715,15098610
2024-10-16 11:51:00+05:30,14.85,16.45,14.85,16.3,1215135,15098610
2024-10-16 11:52:00+05:30,16.3,16.5,15.5,15.75,873210,15357510
2024-10-16 11:53:00+05:30,15.75,16.55,15.65,16.1,721185,15357510
2024-10-16 11:54:00+05:30,16.05,16.4,16,16.05,514050,15357510
2024-10-16 11:55:00+05:30,16.1,17.85,16.05,17.35,1747620,15463815
2024-10-16 11:56:00+05:30,17.4,17.9,16.7,17.35,1065495,15463815
2024-10-16 11:57:00+05:30,17.35,17.9,17,17,813630,15463815
2024-10-16 11:58:00+05:30,17.15,17.55,16.8,17.35,642285,15930765
2024-10-16 11:59:00+05:30,17.3,18.3,17,18.05,637875,15930765
2024-10-16 12:00:00+05:30,17.95,19.25,17.95,18.2,1642155,15930765
2024-10-16 12:01:00+05:30,18.15,19,16.6,16.65,1287585,16111380
2024-10-16 12:02:00+05:30,16.65,17.15,13.75,14.65,1828800,16111380
2024-10-16 12:03:00+05:30,14.7,15.25,12.4,13.05,1737735,16111380
2024-10-16 12:04:00+05:30,13.1,14.05,12.9,13.5,796500,15994125
2024-10-16 12:05:00+05:30,13.55,14.15,13.35,13.7,671160,15994125
2024-10-16 12:06:00+05:30,13.8,14.35,13.6,14.35,477330,15994125
2024-10-16 12:07:00+05:30,14.5,16.1,14.3,15.85,1070715,16025205
2024-10-16 12:08:00+05:30,15.9,16.7,15.65,16.2,706110,16025205
2024-10-16 12:09:00+05:30,16.25,16.9,15.85,15.9,735480,16025205
2024-10-16 12:10:00+05:30,15.9,17.05,15.45,16.5,700965,16254255
2024-10-16 12:11:00+05:30,16.45,16.8,15.9,16.8,555585,16254255
2024-10-16 12:12:00+05:30,16.7,17.3,16.05,16.45,734550,16254255
2024-10-16 12:13:00+05:30,16.45,16.45,14.55,15.3,997605,16351335
2024-10-16 12:14:00+05:30,15.3,15.7,14.55,14.8,486045,16351335
2024-10-16 12:15:00+05:30,14.7,14.9,13.5,13.75,1014480,16351335
2024-10-16 12:16:00+05:30,13.8,14.9,13.8,14.65,526785,16380045
2024-10-16 12:17:00+05:30,14.65,14.95,14.4,14.7,372150,16380045
2024-10-16 12:18:00+05:30,14.6,16.5,14.5,16.5,720135,16380045
2024-10-16 12:19:00+05:30,16.5,18.45,16.5,18,1817760,16575165
2024-10-16 12:20:00+05:30,17.95,22.75,17.95,21.3,3231570,16575165
2024-10-16 12:21:00+05:30,21.3,22,19.55,20.1,2278200,16575165
2024-10-16 12:22:00+05:30,20.1,21.6,19.55,20.3,1327500,16900140
2024-10-16 12:23:00+05:30,20.15,22.15,20,21.2,1434315,16900140
2024-10-16 12:24:00+05:30,21.05,21.55,20.8,21.05,870015,16900140
2024-10-16 12:25:00+05:30,21,21.9,20.6,20.65,980025,17004990
2024-10-16 12:26:00+05:30,20.65,20.8,15.7,15.85,2776545,17004990
2024-10-16 12:27:00+05:30,16.1,17.7,16,17.05,855630,17004990
2024-10-16 12:28:00+05:30,17.1,17.15,15.6,16.1,856965,16479615
2024-10-16 12:29:00+05:30,16.15,16.5,14.6,15.55,1135320,16479615
2024-10-16 12:30:00+05:30,15.65,17.3,15.35,16.95,1037250,16479615
2024-10-16 12:31:00+05:30,17,17.6,16.55,16.55,685725,16489530
2024-10-16 12:32:00+05:30,16.55,16.55,13.3,14.1,1633425,16489530
2024-10-16 12:33:00+05:30,14.1,14.9,13.65,14.9,829080,16489530
2024-10-16 12:34:00+05:30,14.9,16.1,14.45,15.9,814635,16431480
2024-10-16 12:35:00+05:30,15.9,16.7,15.5,16.6,804645,16431480
2024-10-16 12:36:00+05:30,16.5,17.45,16.5,16.9,692040,16431480
2024-10-16 12:37:00+05:30,16.85,18,16.4,17.7,708270,16382550
2024-10-16 12:38:00+05:30,17.8,18.55,16.85,16.85,1023900,16382550
2024-10-16 12:39:00+05:30,16.95,17,14.15,14.85,1225350,16382550
2024-10-16 12:40:00+05:30,14.8,15.65,13.85,14.2,890685,16472970
2024-10-16 12:41:00+05:30,14.25,15,13.8,14.7,658365,16472970
2024-10-16 12:42:00+05:30,14.75,15.2,14.2,15.05,480315,16472970
2024-10-16 12:43:00+05:30,15,15.85,14.95,15.05,828480,16512540
2024-10-16 12:44:00+05:30,15.15,15.9,15.1,15.35,555915,16512540
2024-10-16 12:45:00+05:30,15.35,15.95,15.05,15.2,531435,16512540
2024-10-16 12:46:00+05:30,15.2,15.2,14,14.35,810435,16624755
2024-10-16 12:47:00+05:30,14.35,14.4,13.65,14.3,550680,16624755
2024-10-16 12:48:00+05:30,14.2,14.5,13.75,14,487200,16624755
2024-10-16 12:49:00+05:30,13.9,14.5,13.85,13.95,417855,16615905
2024-10-16 12:50:00+05:30,14,14.85,13.8,14.8,430755,16615905
2024-10-16 12:51:00+05:30,14.8,15.6,14.8,15.05,605475,16615905
2024-10-16 12:52:00+05:30,15.05,15.95,15,15.55,510705,16615320
2024-10-16 12:53:00+05:30,15.55,15.95,12,12.5,1719975,16615320
2024-10-16 12:54:00+05:30,12.5,13.65,12.25,12.65,1003320,16615320
2024-10-16 12:55:00+05:30,12.6,12.7,11.1,11.7,1468545,16673655
2024-10-16 12:56:00+05:30,11.75,13.3,11.75,13.15,1043370,16673655
2024-10-16 12:57:00+05:30,13.15,13.75,12.85,13.7,683160,16673655
2024-10-16 12:58:00+05:30,13.75,14.2,13.1,14.15,567135,16637400
2024-10-16 12:59:00+05:30,13.95,15.55,13.9,15.1,977115,16637400
2024-10-16 13:00:00+05:30,15.25,16.55,14.85,15.65,1423035,16637400
2024-10-16 13:01:00+05:30,15.6,15.95,14.75,15.8,804975,16777950
2024-10-16 13:02:00+05:30,15.8,16.35,14.9,15.9,766845,16777950
2024-10-16 13:03:00+05:30,15.9,18.15,15.25,17.75,1372485,16777950
2024-10-16 13:04:00+05:30,17.75,18,16.55,17.5,1084665,16684305
2024-10-16 13:05:00+05:30,17.5,19.95,17.5,19.95,2009475,16684305
2024-10-16 13:06:00+05:30,20,21.2,19.05,19.05,2382615,16684305
2024-10-16 13:07:00+05:30,19.15,19.45,15.6,16,1973445,16600635
2024-10-16 13:08:00+05:30,16,17.55,15.6,16.45,881955,16600635
2024-10-16 13:09:00+05:30,16.25,17.8,16.2,17.45,671010,16600635
2024-10-16 13:10:00+05:30,17.6,18.75,17.4,18.5,854160,16647105
2024-10-16 13:11:00+05:30,18.5,19.25,18.4,18.8,811215,16647105
2024-10-16 13:12:00+05:30,18.8,22.15,18.45,22,1954170,16647105
2024-10-16 13:13:00+05:30,22.1,30.85,21.6,22.95,4895115,16174920
2024-10-16 13:14:00+05:30,23.8,25,21.65,21.75,2431815,16174920
2024-10-16 13:15:00+05:30,21.75,23.3,21.65,22.35,1614780,16174920
2024-10-16 13:16:00+05:30,22.05,22.5,16.6,17.7,2899545,16030155
2024-10-16 13:17:00+05:30,17.75,19.25,17.6,18,1527885,16030155
2024-10-16 13:18:00+05:30,18,22.25,17.95,21.55,1788030,16030155
2024-10-16 13:19:00+05:30,21.95,22.85,20.1,20.1,1685460,16403460
2024-10-16 13:20:00+05:30,20.5,21.45,18.6,20.15,1771695,16403460
2024-10-16 13:21:00+05:30,20.15,21.8,19.45,21.45,1249290,16403460
2024-10-16 13:22:00+05:30,21.7,21.75,19.35,19.4,1356780,16645935
2024-10-16 13:23:00+05:30,19.4,20.7,18.1,18.2,1441845,16645935
2024-10-16 13:24:00+05:30,18.2,18.65,13.9,14.15,2526480,16645935
2024-10-16 13:25:00+05:30,14.05,15.6,13.6,15.45,1528725,16585950
2024-10-16 13:26:00+05:30,15.45,15.7,12.5,12.9,1623210,16585950
2024-10-16 13:27:00+05:30,12.85,14.05,12.25,14.05,1436040,16585950
2024-10-16 13:28:00+05:30,14.15,14.5,13.75,13.9,923220,16723860
2024-10-16 13:29:00+05:30,13.8,15.45,13.5,15.15,1048575,16723860
2024-10-16 13:30:00+05:30,15.4,15.5,14.45,15.35,1045305,16723860
2024-10-16 13:31:00+05:30,15.25,15.4,14.7,15,716880,16818795
2024-10-16 13:32:00+05:30,15,15,12.6,13.95,1345320,16818795
2024-10-16 13:33:00+05:30,13.95,14.5,13.6,14.3,762630,16818795
2024-10-16 13:34:00+05:30,14.3,15.1,13.85,14.4,684945,16638015
2024-10-16 13:35:00+05:30,14.4,14.4,13.55,14.05,625335,16638015
2024-10-16 13:36:00+05:30,14.05,14.25,13,13.85,841455,16638015
2024-10-16 13:37:00+05:30,13.8,13.95,13.1,13.3,716190,16709265
2024-10-16 13:38:00+05:30,13.15,13.75,12.85,13.15,819570,16709265
2024-10-16 13:39:00+05:30,13,13.5,12.9,13.2,536865,16709265
2024-10-16 13:40:00+05:30,13.35,13.95,13.1,13.55,691095,16820925
2024-10-16 13:41:00+05:30,13.5,13.7,13.05,13.15,511635,16820925
2024-10-16 13:42:00+05:30,13.15,13.5,10,11.4,2394510,16820925
2024-10-16 13:43:00+05:30,11.25,11.45,9,9.1,2155680,16520700
2024-10-16 13:44:00+05:30,9.05,9.85,8.9,9.55,1735215,16520700
2024-10-16 13:45:00+05:30,9.55,9.95,9.25,9.8,856545,16520700
2024-10-16 13:46:00+05:30,9.75,10,9.3,9.95,789165,16068975
2024-10-16 13:47:00+05:30,9.95,10.85,9.95,10.55,1150740,16068975
2024-10-16 13:48:00+05:30,10.45,10.75,10.2,10.2,684765,16068975
2024-10-16 13:49:00+05:30,10.2,10.8,10.15,10.8,763050,16134960
2024-10-16 13:50:00+05:30,10.8,11.05,10.35,10.85,756060,16134960
2024-10-16 13:51:00+05:30,10.75,10.8,9.05,9.7,1123320,16134960
2024-10-16 13:52:00+05:30,9.6,9.7,8.7,9.4,1127715,15834270
2024-10-16 13:53:00+05:30,9.45,9.5,8.6,8.9,994605,15834270
2024-10-16 13:54:00+05:30,8.8,8.9,7.75,8.15,1288605,15834270
2024-10-16 13:55:00+05:30,8.05,8.05,7.55,7.7,1325430,15577500
2024-10-16 13:56:00+05:30,7.8,7.85,7.45,7.55,844605,15577500
2024-10-16 13:57:00+05:30,7.5,7.55,7,7.5,1247010,15577500
2024-10-16 13:58:00+05:30,7.45,8.15,7.4,8.05,865230,15440655
2024-10-16 13:59:00+05:30,8.05,8.2,7.7,7.75,839055,15440655
2024-10-16 14:00:00+05:30,7.7,8.3,7.7,8,849570,15440655
2024-10-16 14:01:00+05:30,8,10,8,9.85,2525070,15523425
2024-10-16 14:02:00+05:30,9.9,9.95,8.8,9.45,1505415,15523425
2024-10-16 14:03:00+05:30,9.45,11.6,9.3,10.8,2867835,15523425
2024-10-16 14:04:00+05:30,10.8,10.85,9.1,9.8,1638990,16099305
2024-10-16 14:05:00+05:30,9.8,11.55,9.8,10.5,2230575,16099305
2024-10-16 14:06:00+05:30,10.5,11.1,10,10.05,1559370,16099305
2024-10-16 14:07:00+05:30,10.1,11.3,10,10.85,1573905,16334790
2024-10-16 14:08:00+05:30,10.9,11.1,7.4,7.8,2729655,16334790
2024-10-16 14:09:00+05:30,7.7,7.85,7.05,7.4,1885905,16334790
2024-10-16 14:10:00+05:30,7.3,8.25,7.25,7.5,1356450,16241925
2024-10-16 14:11:00+05:30,7.35,7.45,6.25,6.8,1956705,16241925
2024-10-16 14:12:00+05:30,6.8,7.15,6.7,7.05,888150,16241925
2024-10-16 14:13:00+05:30,7.05,7.05,6.05,6.8,1244505,16236120
2024-10-16 14:14:00+05:30,6.8,7.15,6.35,6.65,1094220,16236120
2024-10-16 14:15:00+05:30,6.6,6.9,5.9,6,1425885,16236120
2024-10-16 14:16:00+05:30,5.95,6,5.6,5.75,1671900,16159125
2024-10-16 14:17:00+05:30,5.8,6,5.5,5.7,1201005,16159125
2024-10-16 14:18:00+05:30,5.7,5.75,5.1,5.35,1547835,16159125
2024-10-16 14:19:00+05:30,5.35,5.4,5.15,5.25,930690,15818775
2024-10-16 14:20:00+05:30,5.25,5.25,4.65,5.2,1896300,15818775
2024-10-16 14:21:00+05:30,5.2,5.3,4.95,5.05,1140420,15818775
2024-10-16 14:22:00+05:30,5,5.4,4.95,5.35,822705,15584940
2024-10-16 14:23:00+05:30,5.3,5.35,5,5.05,731535,15584940
2024-10-16 14:24:00+05:30,5.1,5.75,5,5.75,1479405,15584940
2024-10-16 14:25:00+05:30,5.75,6.8,5.7,6.1,1994400,15953715
2024-10-16 14:26:00+05:30,6.15,6.85,5.3,6.7,2135415,15953715
2024-10-16 14:27:00+05:30,6.7,7.8,6.4,7.1,3559785,15953715
2024-10-16 14:28:00+05:30,7.2,8.75,6.65,7.85,4007130,16407390
2024-10-16 14:29:00+05:30,7.9,7.95,6.75,6.8,2360235,16407390
2024-10-16 14:30:00+05:30,6.85,8.65,6.5,6.55,2923230,16407390
2024-10-16 14:31:00+05:30,6.4,6.75,5.7,5.8,2685450,16284435
2024-10-16 14:32:00+05:30,5.8,6.25,5.7,5.9,1177560,16284435
2024-10-16 14:33:00+05:30,5.9,5.9,4.05,4.05,3379860,16284435
2024-10-16 14:34:00+05:30,4.1,4.75,3.65,4.45,2381505,15961320
2024-10-16 14:35:00+05:30,4.45,4.55,3.6,3.7,2395530,15961320
2024-10-16 14:36:00+05:30,3.7,4.2,3.6,3.75,3827970,15961320
2024-10-16 14:37:00+05:30,3.65,3.8,3.15,3.35,2932545,15691530
2024-10-16 14:38:00+05:30,3.35,3.35,3,3,1909800,15691530
2024-10-16 14:39:00+05:30,3.05,3.55,3,3.4,1560330,15691530
2024-10-16 14:40:00+05:30,3.35,3.65,3.1,3.65,2404035,15471780
2024-10-16 14:41:00+05:30,3.55,3.6,3.25,3.3,1772595,15471780
2024-10-16 14:42:00+05:30,3.35,3.45,2.6,2.75,2140275,15471780
2024-10-16 14:43:00+05:30,2.65,2.95,2.2,2.25,2340660,14810805
2024-10-16 14:44:00+05:30,2.25,2.55,2.15,2.45,2362770,14810805
2024-10-16 14:45:00+05:30,2.45,2.8,2.35,2.6,2714355,14810805
2024-10-16 14:46:00+05:30,2.65,2.65,2.1,2.6,2333280,14130660
2024-10-16 14:47:00+05:30,2.7,2.85,2.55,2.75,1775970,14130660
2024-10-16 14:48:00+05:30,2.75,2.9,2.6,2.85,1600170,14130660
2024-10-16 14:49:00+05:30,2.85,2.9,2.2,2.35,2392845,14428380
2024-10-16 14:50:00+05:30,2.35,2.65,1.5,1.6,3765375,14428380
2024-10-16 14:51:00+05:30,1.6,1.85,1.55,1.65,3593910,14428380
2024-10-16 14:52:00+05:30,1.65,1.8,1.65,1.65,2138775,13194225
2024-10-16 14:53:00+05:30,1.75,1.9,1.7,1.8,1674975,13194225
2024-10-16 14:54:00+05:30,1.8,1.8,1.3,1.45,2320860,13194225
2024-10-16 14:55:00+05:30,1.55,1.8,1.45,1.75,2551800,12631485
2024-10-16 14:56:00+05:30,1.75,1.8,1.35,1.6,1726425,12631485
2024-10-16 14:57:00+05:30,1.55,1.65,1.45,1.55,1353840,12631485
2024-10-16 14:58:00+05:30,1.5,1.6,1.35,1.5,2191140,12065865
2024-10-16 14:59:00+05:30,1.55,1.8,1.2,1.3,2692290,12065865
2024-10-16 15:00:00+05:30,1.3,1.3,0.65,0.7,3777000,12065865
2024-10-16 15:01:00+05:30,0.7,0.8,0.6,0.6,3111900,11155980
2024-10-16 15:02:00+05:30,0.65,0.7,0.55,0.65,2768205,11155980
2024-10-16 15:03:00+05:30,0.65,0.75,0.55,0.6,2512875,11155980
2024-10-16 15:04:00+05:30,0.65,0.7,0.5,0.5,1318185,10758405
2024-10-16 15:05:00+05:30,0.5,0.55,0.4,0.4,1917150,10758405
2024-10-16 15:06:00+05:30,0.45,0.45,0.35,0.45,2322930,10758405
2024-10-16 15:07:00+05:30,0.4,0.45,0.35,0.35,930240,10380060
2024-10-16 15:08:00+05:30,0.4,0.4,0.3,0.3,1680900,10380060
2024-10-16 15:09:00+05:30,0.35,0.35,0.25,0.25,1238820,10380060
2024-10-16 15:10:00+05:30,0.25,0.3,0.25,0.25,720225,10234470
2024-10-16 15:11:00+05:30,0.3,0.3,0.2,0.2,1523490,10234470
2024-10-16 15:12:00+05:30,0.2,0.25,0.2,0.25,905370,10234470
2024-10-16 15:13:00+05:30,0.25,0.25,0.2,0.25,902040,9614430
2024-10-16 15:14:00+05:30,0.2,0.25,0.2,0.2,696885,9614430
2024-10-16 15:15:00+05:30,0.2,0.25,0.2,0.2,563340,9614430
2024-10-16 15:16:00+05:30,0.2,0.25,0.15,0.2,1175400,8219550
2024-10-16 15:17:00+05:30,0.2,0.25,0.2,0.25,464280,8219550
2024-10-16 15:18:00+05:30,0.2,0.25,0.2,0.2,366840,8219550
2024-10-16 15:19:00+05:30,0.2,0.25,0.15,0.15,676995,7783155
2024-10-16 15:20:00+05:30,0.2,0.2,0.15,0.15,642810,7783155
2024-10-16 15:21:00+05:30,0.2,0.2,0.15,0.2,695385,7783155
2024-10-16 15:22:00+05:30,0.15,0.2,0.1,0.1,896550,7436610
2024-10-16 15:23:00+05:30,0.1,0.15,0.1,0.1,372240,7436610
2024-10-16 15:24:00+05:30,0.1,0.15,0.1,0.1,646875,7436610
2024-10-16 15:25:00+05:30,0.1,0.15,0.1,0.15,646200,7093770
2024-10-16 15:26:00+05:30,0.1,0.15,0.05,0.05,1262400,7093770
2024-10-16 15:27:00+05:30,0.1,0.1,0.05,0.05,343050,7093770
2024-10-16 15:28:00+05:30,0.1,0.1,0.05,0.1,576480,6203880
2024-10-16 15:29:00+05:30,0.1,0.1,0.05,0.05,973365,6203880
